# H058 decoupled_k53_s23
Date: 30 September 2026, 23:41

Frame: render/frames/CeramicGreen_V6_frame_086.png

| measure | 01a | mine | ratio mine / 01a |
|---|---|---|---|
| BRIGHT frac (>0.60) | 0.0027 | 0.0049 | 1.81 |
| BRIGHT blobs | 585.0000 | 312.0000 | 0.53 |
| BRIGHT mean area | 5.4051 | 18.3942 | 3.40 |
| BRIGHT p90 area | 6.0000 | 39.9000 | 6.65 |
| BRIGHT p99 area | 76.4400 | 210.6700 | 2.76 |
| BRIGHT frac>0.90 | 0.0007 | 0.0024 | 3.33 |
| GLINT frac | 0.0226 | 0.0059 | 0.26 |
| GLINT blobs | 3754.0000 | 424.0000 | 0.11 |
| GLINT mean area | 7.0072 | 16.1816 | 2.31 |
| GLINT p90 area | 5.0000 | 36.0000 | 7.20 |
| GLINT p99 area | 54.2900 | 222.6400 | 4.10 |
| GLINT mean peak | 0.4956 | 0.7099 | 1.43 |
| GLINT whiteness | 0.8044 | 0.9176 | 1.14 |
| frac_lum>0.40 | 0.0979 | 0.0096 | 0.10 |
| frac_lum>0.50 | 0.0340 | 0.0073 | 0.22 |
| frac_lum>0.60 | 0.0122 | 0.0061 | 0.50 |
| frac_lum>0.75 | 0.0026 | 0.0045 | 1.69 |
| blobs | 5700.0000 | 924.0000 | 0.16 |
| blob_mean_area | 6.9528 | 9.2597 | 1.33 |
| blob_area_p90 | 7.0000 | 22.0000 | 3.14 |
| whiteness_of_highlights | 0.7669 | 0.9175 | 1.20 |
| gx/gy_streakiness | 0.9544 | 0.9680 | 1.01 |
| mean_lum | 0.2306 | 0.1028 | 0.45 |
| p99 | 0.6196 | 0.3268 | 0.53 |
| p99.9 | 0.8850 | 0.9503 | 1.07 |

BRIGHT glint (>0.60) density per 8 x 8 cell, 01a (left) and mine (right), percent of the cell:
 0.1   0.0   0.0   0.3   0.0   0.0   0.0   0.3   |    0.0   0.0   0.0   0.8   0.2   0.0   0.1   0.0
 0.0   2.3   1.8   0.0   0.1   0.0   0.1   0.0   |    0.1   0.6   0.0   0.0   0.1   0.2   0.3   0.0
 0.0   1.3   2.8   2.3   0.0   0.1   0.0   0.0   |    0.3   1.5   0.4   0.2   0.0   0.0   0.5   1.0
 0.2   0.0   0.4   0.6   0.0   0.0   0.0   0.0   |    0.8   0.5   0.2   0.2   0.8   0.5   0.0   0.0
 0.0   0.1   0.0   0.3   0.1   0.1   0.0   0.1   |    0.1   3.9   0.9   0.4   0.9   0.4   1.2   0.3
 0.0   0.0   0.1   0.0   0.0   0.9   0.8   0.0   |    0.1   0.8   2.5   0.7   0.3   1.4   0.5   0.4
 0.0   0.0   0.0   0.0   0.0   0.6   1.4   0.0   |    0.1   4.2   0.4   0.3   0.1   0.0   0.7   0.1
 0.0   0.0   0.0   0.0   0.1   0.0   0.0   0.0   |    0.1   0.2   0.2   0.1   0.1   0.6   0.2   0.1
