# H017 cal_step45
Date: 30 September 2026, 22:40

Frame: render/frames/CeramicGreen_V6_frame_045.png

| measure | 01a | mine | ratio mine / 01a |
|---|---|---|---|
| BRIGHT frac (>0.60) | 0.0027 | 0.0020 | 0.73 |
| BRIGHT blobs | 585.0000 | 304.0000 | 0.52 |
| BRIGHT mean area | 5.4051 | 7.6250 | 1.41 |
| BRIGHT p90 area | 6.0000 | 14.0000 | 2.33 |
| BRIGHT p99 area | 76.4400 | 64.9100 | 0.85 |
| BRIGHT frac>0.90 | 0.0007 | 0.0009 | 1.27 |
| GLINT frac | 0.0226 | 0.0145 | 0.64 |
| GLINT blobs | 3754.0000 | 6149.0000 | 1.64 |
| GLINT mean area | 7.0072 | 2.7456 | 0.39 |
| GLINT p90 area | 5.0000 | 3.0000 | 0.60 |
| GLINT p99 area | 54.2900 | 19.5200 | 0.36 |
| GLINT mean peak | 0.4956 | 0.4955 | 1.00 |
| GLINT whiteness | 0.8044 | 0.7039 | 0.88 |
| frac_lum>0.40 | 0.0979 | 0.0744 | 0.76 |
| frac_lum>0.50 | 0.0340 | 0.0142 | 0.42 |
| frac_lum>0.60 | 0.0122 | 0.0045 | 0.37 |
| frac_lum>0.75 | 0.0026 | 0.0024 | 0.91 |
| blobs | 5700.0000 | 4051.0000 | 0.71 |
| blob_mean_area | 6.9528 | 4.0847 | 0.59 |
| blob_area_p90 | 7.0000 | 6.0000 | 0.86 |
| whiteness_of_highlights | 0.7669 | 0.7456 | 0.97 |
| gx/gy_streakiness | 0.9544 | 1.0048 | 1.05 |
| mean_lum | 0.2306 | 0.2371 | 1.03 |
| p99 | 0.6196 | 0.5229 | 0.84 |
| p99.9 | 0.8850 | 0.9359 | 1.06 |

BRIGHT glint (>0.60) density per 8 x 8 cell, 01a (left) and mine (right), percent of the cell:
 0.1   0.0   0.0   0.3   0.0   0.0   0.0   0.3   |    0.1   0.0   0.0   0.1   0.1   0.0   0.0   0.1
 0.0   2.3   1.8   0.0   0.1   0.0   0.1   0.0   |    0.0   0.1   0.0   0.1   0.2   0.0   0.0   0.2
 0.0   1.3   2.8   2.3   0.0   0.1   0.0   0.0   |    0.0   0.2   0.0   0.0   0.0   0.0   0.0   0.0
 0.2   0.0   0.4   0.6   0.0   0.0   0.0   0.0   |    0.0   0.3   0.0   0.0   1.4   0.0   0.0   0.0
 0.0   0.1   0.0   0.3   0.1   0.1   0.0   0.1   |    0.1   0.2   0.0   0.1   0.1   0.0   0.0   0.0
 0.0   0.0   0.1   0.0   0.0   0.9   0.8   0.0   |    0.0   2.1   0.4   2.2   0.0   0.2   0.0   0.0
 0.0   0.0   0.0   0.0   0.0   0.6   1.4   0.0   |    1.5   0.3   0.0   0.0   0.0   0.0   0.1   0.0
 0.0   0.0   0.0   0.0   0.1   0.0   0.0   0.0   |    1.8   0.6   0.1   0.0   0.0   0.0   0.0   0.0
