# H065 spec_a14_em08
Date: 30 September 2026, 23:47

Frame: render/frames/CeramicGreen_V6_frame_093.png

| measure | 01a | mine | ratio mine / 01a |
|---|---|---|---|
| BRIGHT frac (>0.60) | 0.0027 | 0.0060 | 2.21 |
| BRIGHT blobs | 585.0000 | 337.0000 | 0.58 |
| BRIGHT mean area | 5.4051 | 20.7092 | 3.83 |
| BRIGHT p90 area | 6.0000 | 55.8000 | 9.30 |
| BRIGHT p99 area | 76.4400 | 261.0400 | 3.41 |
| BRIGHT frac>0.90 | 0.0007 | 0.0002 | 0.34 |
| GLINT frac | 0.0226 | 0.0144 | 0.64 |
| GLINT blobs | 3754.0000 | 2154.0000 | 0.57 |
| GLINT mean area | 7.0072 | 7.8222 | 1.12 |
| GLINT p90 area | 5.0000 | 7.0000 | 1.40 |
| GLINT p99 area | 54.2900 | 115.4700 | 2.13 |
| GLINT mean peak | 0.4956 | 0.5066 | 1.02 |
| GLINT whiteness | 0.8044 | 0.7831 | 0.97 |
| frac_lum>0.40 | 0.0979 | 0.0715 | 0.73 |
| frac_lum>0.50 | 0.0340 | 0.0149 | 0.44 |
| frac_lum>0.60 | 0.0122 | 0.0067 | 0.55 |
| frac_lum>0.75 | 0.0026 | 0.0041 | 1.57 |
| blobs | 5700.0000 | 1814.0000 | 0.32 |
| blob_mean_area | 6.9528 | 9.5662 | 1.38 |
| blob_area_p90 | 7.0000 | 14.0000 | 2.00 |
| whiteness_of_highlights | 0.7669 | 0.7842 | 1.02 |
| gx/gy_streakiness | 0.9544 | 0.9900 | 1.04 |
| mean_lum | 0.2306 | 0.2333 | 1.01 |
| p99 | 0.6196 | 0.5320 | 0.86 |
| p99.9 | 0.8850 | 0.8248 | 0.93 |

BRIGHT glint (>0.60) density per 8 x 8 cell, 01a (left) and mine (right), percent of the cell:
 0.1   0.0   0.0   0.3   0.0   0.0   0.0   0.3   |    0.0   0.0   0.0   0.9   0.2   0.0   0.1   0.0
 0.0   2.3   1.8   0.0   0.1   0.0   0.1   0.0   |    0.0   1.2   0.0   0.0   0.1   0.3   0.4   0.0
 0.0   1.3   2.8   2.3   0.0   0.1   0.0   0.0   |    0.3   1.9   0.6   0.2   0.0   0.0   0.5   1.1
 0.2   0.0   0.4   0.6   0.0   0.0   0.0   0.0   |    1.3   0.6   0.2   0.4   1.0   0.5   0.0   0.0
 0.0   0.1   0.0   0.3   0.1   0.1   0.0   0.1   |    0.2   5.2   1.3   0.3   1.0   0.3   1.4   0.3
 0.0   0.0   0.1   0.0   0.0   0.9   0.8   0.0   |    0.1   0.8   3.5   0.8   0.4   1.8   0.6   0.6
 0.0   0.0   0.0   0.0   0.0   0.6   1.4   0.0   |    0.0   4.9   0.4   0.3   0.0   0.0   0.9   0.2
 0.0   0.0   0.0   0.0   0.1   0.0   0.0   0.0   |    0.0   0.1   0.1   0.1   0.1   0.6   0.2   0.1
