# H040 slope085
Date: 30 September 2026, 23:24

Frame: render/frames/CeramicGreen_V6_frame_068.png

| measure | 01a | mine | ratio mine / 01a |
|---|---|---|---|
| BRIGHT frac (>0.60) | 0.0027 | 0.0039 | 1.45 |
| BRIGHT blobs | 585.0000 | 527.0000 | 0.90 |
| BRIGHT mean area | 5.4051 | 8.7249 | 1.61 |
| BRIGHT p90 area | 6.0000 | 19.0000 | 3.17 |
| BRIGHT p99 area | 76.4400 | 66.1800 | 0.87 |
| BRIGHT frac>0.90 | 0.0007 | 0.0023 | 3.23 |
| GLINT frac | 0.0226 | 0.0161 | 0.71 |
| GLINT blobs | 3754.0000 | 3044.0000 | 0.81 |
| GLINT mean area | 7.0072 | 6.1656 | 0.88 |
| GLINT p90 area | 5.0000 | 8.0000 | 1.60 |
| GLINT p99 area | 54.2900 | 46.0000 | 0.85 |
| GLINT mean peak | 0.4956 | 0.5358 | 1.08 |
| GLINT whiteness | 0.8044 | 0.7459 | 0.93 |
| frac_lum>0.40 | 0.0979 | 0.0980 | 1.00 |
| frac_lum>0.50 | 0.0340 | 0.0273 | 0.80 |
| frac_lum>0.60 | 0.0122 | 0.0080 | 0.66 |
| frac_lum>0.75 | 0.0026 | 0.0037 | 1.42 |
| blobs | 5700.0000 | 4134.0000 | 0.73 |
| blob_mean_area | 6.9528 | 7.7141 | 1.11 |
| blob_area_p90 | 7.0000 | 10.0000 | 1.43 |
| whiteness_of_highlights | 0.7669 | 0.7189 | 0.94 |
| gx/gy_streakiness | 0.9544 | 1.0050 | 1.05 |
| mean_lum | 0.2306 | 0.2460 | 1.07 |
| p99 | 0.6196 | 0.5791 | 0.93 |
| p99.9 | 0.8850 | 1.0000 | 1.13 |

BRIGHT glint (>0.60) density per 8 x 8 cell, 01a (left) and mine (right), percent of the cell:
 0.1   0.0   0.0   0.3   0.0   0.0   0.0   0.3   |    0.4   0.0   0.0   0.1   0.1   0.1   0.1   0.0
 0.0   2.3   1.8   0.0   0.1   0.0   0.1   0.0   |    0.2   0.8   3.9   0.0   0.2   0.3   0.0   0.5
 0.0   1.3   2.8   2.3   0.0   0.1   0.0   0.0   |    0.2   0.7   0.7   0.4   1.0   0.8   0.1   0.0
 0.2   0.0   0.4   0.6   0.0   0.0   0.0   0.0   |    0.4   0.2   0.3   0.0   0.8   0.1   0.0   0.0
 0.0   0.1   0.0   0.3   0.1   0.1   0.0   0.1   |    0.0   0.0   0.7   3.0   0.3   0.0   0.6   0.2
 0.0   0.0   0.1   0.0   0.0   0.9   0.8   0.0   |    0.5   1.3   1.0   0.2   0.0   0.5   0.2   0.7
 0.0   0.0   0.0   0.0   0.0   0.6   1.4   0.0   |    0.4   0.1   0.2   0.4   0.0   0.0   0.8   0.1
 0.0   0.0   0.0   0.0   0.1   0.0   0.0   0.0   |    0.3   0.1   0.1   0.1   0.0   0.1   0.5   0.1
