# H044 slope088cal
Date: 30 September 2026, 23:27

Frame: render/frames/CeramicGreen_V6_frame_072.png

| measure | 01a | mine | ratio mine / 01a |
|---|---|---|---|
| BRIGHT frac (>0.60) | 0.0027 | 0.0038 | 1.39 |
| BRIGHT blobs | 585.0000 | 447.0000 | 0.76 |
| BRIGHT mean area | 5.4051 | 9.8143 | 1.82 |
| BRIGHT p90 area | 6.0000 | 21.0000 | 3.50 |
| BRIGHT p99 area | 76.4400 | 63.1600 | 0.83 |
| BRIGHT frac>0.90 | 0.0007 | 0.0022 | 3.14 |
| GLINT frac | 0.0226 | 0.0112 | 0.50 |
| GLINT blobs | 3754.0000 | 2123.0000 | 0.57 |
| GLINT mean area | 7.0072 | 6.1484 | 0.88 |
| GLINT p90 area | 5.0000 | 8.0000 | 1.60 |
| GLINT p99 area | 54.2900 | 53.7800 | 0.99 |
| GLINT mean peak | 0.4956 | 0.5528 | 1.12 |
| GLINT whiteness | 0.8044 | 0.7738 | 0.96 |
| frac_lum>0.40 | 0.0979 | 0.0676 | 0.69 |
| frac_lum>0.50 | 0.0340 | 0.0167 | 0.49 |
| frac_lum>0.60 | 0.0122 | 0.0063 | 0.51 |
| frac_lum>0.75 | 0.0026 | 0.0035 | 1.33 |
| blobs | 5700.0000 | 2800.0000 | 0.49 |
| blob_mean_area | 6.9528 | 6.9457 | 1.00 |
| blob_area_p90 | 7.0000 | 10.0000 | 1.43 |
| whiteness_of_highlights | 0.7669 | 0.7507 | 0.98 |
| gx/gy_streakiness | 0.9544 | 1.0043 | 1.05 |
| mean_lum | 0.2306 | 0.2301 | 1.00 |
| p99 | 0.6196 | 0.5438 | 0.88 |
| p99.9 | 0.8850 | 1.0000 | 1.13 |

BRIGHT glint (>0.60) density per 8 x 8 cell, 01a (left) and mine (right), percent of the cell:
 0.1   0.0   0.0   0.3   0.0   0.0   0.0   0.3   |    0.3   0.0   0.0   0.1   0.0   0.1   0.1   0.0
 0.0   2.3   1.8   0.0   0.1   0.0   0.1   0.0   |    0.2   0.5   3.7   0.0   0.2   0.4   0.0   0.5
 0.0   1.3   2.8   2.3   0.0   0.1   0.0   0.0   |    0.2   0.6   0.6   0.4   0.9   0.7   0.1   0.0
 0.2   0.0   0.4   0.6   0.0   0.0   0.0   0.0   |    0.4   0.2   0.3   0.0   0.7   0.1   0.0   0.0
 0.0   0.1   0.0   0.3   0.1   0.1   0.0   0.1   |    0.0   0.0   0.7   3.0   0.3   0.0   0.5   0.2
 0.0   0.0   0.1   0.0   0.0   0.9   0.8   0.0   |    0.5   1.3   1.1   0.2   0.0   0.5   0.2   0.7
 0.0   0.0   0.0   0.0   0.0   0.6   1.4   0.0   |    0.4   0.1   0.2   0.4   0.0   0.0   0.7   0.1
 0.0   0.0   0.0   0.0   0.1   0.0   0.0   0.0   |    0.3   0.1   0.1   0.1   0.0   0.1   0.4   0.1
