# H032 move20
Date: 30 September 2026, 23:10

Frame: render/frames/CeramicGreen_V6_frame_060.png

| measure | 01a | mine | ratio mine / 01a |
|---|---|---|---|
| BRIGHT frac (>0.60) | 0.0027 | 0.0042 | 1.53 |
| BRIGHT blobs | 585.0000 | 455.0000 | 0.78 |
| BRIGHT mean area | 5.4051 | 10.6571 | 1.97 |
| BRIGHT p90 area | 6.0000 | 22.0000 | 3.67 |
| BRIGHT p99 area | 76.4400 | 90.0600 | 1.18 |
| BRIGHT frac>0.90 | 0.0007 | 0.0025 | 3.55 |
| GLINT frac | 0.0226 | 0.0133 | 0.59 |
| GLINT blobs | 3754.0000 | 2383.0000 | 0.63 |
| GLINT mean area | 7.0072 | 6.4872 | 0.93 |
| GLINT p90 area | 5.0000 | 8.0000 | 1.60 |
| GLINT p99 area | 54.2900 | 63.3600 | 1.17 |
| GLINT mean peak | 0.4956 | 0.5421 | 1.09 |
| GLINT whiteness | 0.8044 | 0.7728 | 0.96 |
| frac_lum>0.40 | 0.0979 | 0.0702 | 0.72 |
| frac_lum>0.50 | 0.0340 | 0.0185 | 0.54 |
| frac_lum>0.60 | 0.0122 | 0.0072 | 0.59 |
| frac_lum>0.75 | 0.0026 | 0.0040 | 1.53 |
| blobs | 5700.0000 | 3021.0000 | 0.53 |
| blob_mean_area | 6.9528 | 7.1427 | 1.03 |
| blob_area_p90 | 7.0000 | 10.0000 | 1.43 |
| whiteness_of_highlights | 0.7669 | 0.7563 | 0.99 |
| gx/gy_streakiness | 0.9544 | 0.9992 | 1.05 |
| mean_lum | 0.2306 | 0.2239 | 0.97 |
| p99 | 0.6196 | 0.5582 | 0.90 |
| p99.9 | 0.8850 | 1.0000 | 1.13 |

BRIGHT glint (>0.60) density per 8 x 8 cell, 01a (left) and mine (right), percent of the cell:
 0.1   0.0   0.0   0.3   0.0   0.0   0.0   0.3   |    0.4   0.0   0.0   0.2   0.1   0.1   0.1   0.0
 0.0   2.3   1.8   0.0   0.1   0.0   0.1   0.0   |    0.2   0.6   4.4   0.0   0.3   0.3   0.0   0.3
 0.0   1.3   2.8   2.3   0.0   0.1   0.0   0.0   |    0.2   0.6   0.7   0.5   1.2   1.1   0.2   0.0
 0.2   0.0   0.4   0.6   0.0   0.0   0.0   0.0   |    0.4   0.1   0.3   0.1   1.0   0.1   0.0   0.0
 0.0   0.1   0.0   0.3   0.1   0.1   0.0   0.1   |    0.0   0.0   0.7   3.5   0.3   0.0   0.7   0.1
 0.0   0.0   0.1   0.0   0.0   0.9   0.8   0.0   |    0.5   1.2   1.0   0.2   0.0   0.3   0.2   1.0
 0.0   0.0   0.0   0.0   0.0   0.6   1.4   0.0   |    0.4   0.0   0.3   0.4   0.0   0.0   0.9   0.2
 0.0   0.0   0.0   0.0   0.1   0.0   0.0   0.0   |    0.3   0.0   0.1   0.1   0.0   0.1   0.5   0.2
