# H024 base_follows_map
Date: 30 September 2026, 22:47

Frame: render/frames/CeramicGreen_V6_frame_052.png

| measure | 01a | mine | ratio mine / 01a |
|---|---|---|---|
| BRIGHT frac (>0.60) | 0.0027 | 0.0033 | 1.22 |
| BRIGHT blobs | 585.0000 | 397.0000 | 0.68 |
| BRIGHT mean area | 5.4051 | 9.6851 | 1.79 |
| BRIGHT p90 area | 6.0000 | 20.4000 | 3.40 |
| BRIGHT p99 area | 76.4400 | 146.0400 | 1.91 |
| BRIGHT frac>0.90 | 0.0007 | 0.0020 | 2.78 |
| GLINT frac | 0.0226 | 0.0075 | 0.33 |
| GLINT blobs | 3754.0000 | 1524.0000 | 0.41 |
| GLINT mean area | 7.0072 | 5.7152 | 0.82 |
| GLINT p90 area | 5.0000 | 8.0000 | 1.60 |
| GLINT p99 area | 54.2900 | 66.5400 | 1.23 |
| GLINT mean peak | 0.4956 | 0.5625 | 1.13 |
| GLINT whiteness | 0.8044 | 0.8202 | 1.02 |
| frac_lum>0.40 | 0.0979 | 0.0484 | 0.49 |
| frac_lum>0.50 | 0.0340 | 0.0132 | 0.39 |
| frac_lum>0.60 | 0.0122 | 0.0072 | 0.59 |
| frac_lum>0.75 | 0.0026 | 0.0045 | 1.71 |
| blobs | 5700.0000 | 2057.0000 | 0.36 |
| blob_mean_area | 6.9528 | 7.4633 | 1.07 |
| blob_area_p90 | 7.0000 | 11.0000 | 1.57 |
| whiteness_of_highlights | 0.7669 | 0.8302 | 1.08 |
| gx/gy_streakiness | 0.9544 | 1.0036 | 1.05 |
| mean_lum | 0.2306 | 0.2281 | 0.99 |
| p99 | 0.6196 | 0.5359 | 0.86 |
| p99.9 | 0.8850 | 1.0000 | 1.13 |

BRIGHT glint (>0.60) density per 8 x 8 cell, 01a (left) and mine (right), percent of the cell:
 0.1   0.0   0.0   0.3   0.0   0.0   0.0   0.3   |    0.1   0.0   0.1   0.1   0.1   0.0   0.0   0.0
 0.0   2.3   1.8   0.0   0.1   0.0   0.1   0.0   |    0.0   0.9   0.0   0.1   0.4   0.0   0.0   0.4
 0.0   1.3   2.8   2.3   0.0   0.1   0.0   0.0   |    0.3   0.1   2.3   0.0   0.0   0.0   0.1   0.0
 0.2   0.0   0.4   0.6   0.0   0.0   0.0   0.0   |    0.1   0.9   0.1   0.0   0.9   0.1   0.0   0.0
 0.0   0.1   0.0   0.3   0.1   0.1   0.0   0.1   |    0.2   0.2   0.0   0.0   0.3   0.0   0.0   0.0
 0.0   0.0   0.1   0.0   0.0   0.9   0.8   0.0   |    0.0   1.8   0.5   0.7   0.1   3.2   0.0   0.2
 0.0   0.0   0.0   0.0   0.0   0.6   1.4   0.0   |    1.9   0.6   0.0   1.0   0.1   0.0   0.6   0.0
 0.0   0.0   0.0   0.0   0.1   0.0   0.0   0.0   |    1.6   0.2   0.1   0.0   0.0   0.2   0.3   0.0
