# H050 reinhard_key46
Date: 30 September 2026, 23:33

Frame: render/frames/CeramicGreen_V6_frame_078.png

| measure | 01a | mine | ratio mine / 01a |
|---|---|---|---|
| BRIGHT frac (>0.60) | 0.0027 | 0.0054 | 2.00 |
| BRIGHT blobs | 585.0000 | 403.0000 | 0.69 |
| BRIGHT mean area | 5.4051 | 15.6625 | 2.90 |
| BRIGHT p90 area | 6.0000 | 36.8000 | 6.13 |
| BRIGHT p99 area | 76.4400 | 164.5400 | 2.15 |
| BRIGHT frac>0.90 | 0.0007 | 0.0017 | 2.47 |
| GLINT frac | 0.0226 | 0.0158 | 0.70 |
| GLINT blobs | 3754.0000 | 2675.0000 | 0.71 |
| GLINT mean area | 7.0072 | 6.8991 | 0.98 |
| GLINT p90 area | 5.0000 | 8.0000 | 1.60 |
| GLINT p99 area | 54.2900 | 86.2600 | 1.59 |
| GLINT mean peak | 0.4956 | 0.5179 | 1.05 |
| GLINT whiteness | 0.8044 | 0.7641 | 0.95 |
| frac_lum>0.40 | 0.0979 | 0.0948 | 0.97 |
| frac_lum>0.50 | 0.0340 | 0.0190 | 0.56 |
| frac_lum>0.60 | 0.0122 | 0.0068 | 0.56 |
| frac_lum>0.75 | 0.0026 | 0.0043 | 1.64 |
| blobs | 5700.0000 | 2907.0000 | 0.51 |
| blob_mean_area | 6.9528 | 7.6398 | 1.10 |
| blob_area_p90 | 7.0000 | 11.0000 | 1.57 |
| whiteness_of_highlights | 0.7669 | 0.7495 | 0.98 |
| gx/gy_streakiness | 0.9544 | 1.0080 | 1.06 |
| mean_lum | 0.2306 | 0.2546 | 1.10 |
| p99 | 0.6196 | 0.5490 | 0.89 |
| p99.9 | 0.8850 | 0.9320 | 1.05 |

BRIGHT glint (>0.60) density per 8 x 8 cell, 01a (left) and mine (right), percent of the cell:
 0.1   0.0   0.0   0.3   0.0   0.0   0.0   0.3   |    0.2   0.0   0.0   0.1   0.1   0.1   0.2   0.0
 0.0   2.3   1.8   0.0   0.1   0.0   0.1   0.0   |    0.2   0.2   1.8   0.0   0.1   0.6   0.0   0.5
 0.0   1.3   2.8   2.3   0.0   0.1   0.0   0.0   |    0.2   0.4   0.6   0.4   1.2   1.3   0.3   0.0
 0.2   0.0   0.4   0.6   0.0   0.0   0.0   0.0   |    1.0   0.2   0.2   0.0   1.4   0.5   0.1   0.0
 0.0   0.1   0.0   0.3   0.1   0.1   0.0   0.1   |    0.1   0.1   1.1   3.4   0.9   0.0   0.7   0.3
 0.0   0.0   0.1   0.0   0.0   0.9   0.8   0.0   |    1.4   4.0   2.9   0.5   0.1   0.4   0.1   0.7
 0.0   0.0   0.0   0.0   0.0   0.6   1.4   0.0   |    1.2   0.3   0.5   0.9   0.0   0.0   0.6   0.2
 0.0   0.0   0.0   0.0   0.1   0.0   0.0   0.0   |    0.9   0.2   0.2   0.0   0.1   0.0   0.5   0.2
