# H047 angle6gain06
Date: 30 September 2026, 23:29

Frame: render/frames/CeramicGreen_V6_frame_075.png

| measure | 01a | mine | ratio mine / 01a |
|---|---|---|---|
| BRIGHT frac (>0.60) | 0.0027 | 0.0060 | 2.23 |
| BRIGHT blobs | 585.0000 | 437.0000 | 0.75 |
| BRIGHT mean area | 5.4051 | 16.1190 | 2.98 |
| BRIGHT p90 area | 6.0000 | 35.4000 | 5.90 |
| BRIGHT p99 area | 76.4400 | 176.2400 | 2.31 |
| BRIGHT frac>0.90 | 0.0007 | 0.0046 | 6.45 |
| GLINT frac | 0.0226 | 0.0137 | 0.61 |
| GLINT blobs | 3754.0000 | 2199.0000 | 0.59 |
| GLINT mean area | 7.0072 | 7.2774 | 1.04 |
| GLINT p90 area | 5.0000 | 9.0000 | 1.80 |
| GLINT p99 area | 54.2900 | 93.1200 | 1.72 |
| GLINT mean peak | 0.4956 | 0.5541 | 1.12 |
| GLINT whiteness | 0.8044 | 0.8090 | 1.01 |
| frac_lum>0.40 | 0.0979 | 0.0708 | 0.72 |
| frac_lum>0.50 | 0.0340 | 0.0195 | 0.57 |
| frac_lum>0.60 | 0.0122 | 0.0087 | 0.71 |
| frac_lum>0.75 | 0.0026 | 0.0061 | 2.31 |
| blobs | 5700.0000 | 3011.0000 | 0.53 |
| blob_mean_area | 6.9528 | 7.5477 | 1.09 |
| blob_area_p90 | 7.0000 | 11.0000 | 1.57 |
| whiteness_of_highlights | 0.7669 | 0.7805 | 1.02 |
| gx/gy_streakiness | 0.9544 | 1.0072 | 1.06 |
| mean_lum | 0.2306 | 0.2322 | 1.01 |
| p99 | 0.6196 | 0.5739 | 0.93 |
| p99.9 | 0.8850 | 1.0000 | 1.13 |

BRIGHT glint (>0.60) density per 8 x 8 cell, 01a (left) and mine (right), percent of the cell:
 0.1   0.0   0.0   0.3   0.0   0.0   0.0   0.3   |    0.3   0.0   0.0   0.1   0.1   0.1   0.3   0.0
 0.0   2.3   1.8   0.0   0.1   0.0   0.1   0.0   |    0.2   0.3   2.1   0.0   0.2   0.6   0.0   0.6
 0.0   1.3   2.8   2.3   0.0   0.1   0.0   0.0   |    0.2   0.6   0.6   0.5   1.3   1.5   0.4   0.0
 0.2   0.0   0.4   0.6   0.0   0.0   0.0   0.0   |    1.1   0.2   0.2   0.0   1.5   0.6   0.1   0.0
 0.0   0.1   0.0   0.3   0.1   0.1   0.0   0.1   |    0.1   0.1   1.2   3.7   1.0   0.0   0.8   0.3
 0.0   0.0   0.1   0.0   0.0   0.9   0.8   0.0   |    1.6   4.2   3.2   0.6   0.1   0.4   0.1   0.8
 0.0   0.0   0.0   0.0   0.0   0.6   1.4   0.0   |    1.2   0.4   0.6   1.0   0.0   0.1   0.7   0.2
 0.0   0.0   0.0   0.0   0.1   0.0   0.0   0.0   |    1.0   0.2   0.2   0.1   0.1   0.1   0.5   0.2
