# H030 key385dark
Date: 30 September 2026, 22:58

Frame: render/frames/CeramicGreen_V6_frame_058.png

| measure | 01a | mine | ratio mine / 01a |
|---|---|---|---|
| BRIGHT frac (>0.60) | 0.0027 | 0.0023 | 0.85 |
| BRIGHT blobs | 585.0000 | 372.0000 | 0.64 |
| BRIGHT mean area | 5.4051 | 7.2016 | 1.33 |
| BRIGHT p90 area | 6.0000 | 15.0000 | 2.50 |
| BRIGHT p99 area | 76.4400 | 65.0600 | 0.85 |
| BRIGHT frac>0.90 | 0.0007 | 0.0013 | 1.77 |
| GLINT frac | 0.0226 | 0.0149 | 0.66 |
| GLINT blobs | 3754.0000 | 3255.0000 | 0.87 |
| GLINT mean area | 7.0072 | 5.3281 | 0.76 |
| GLINT p90 area | 5.0000 | 6.0000 | 1.20 |
| GLINT p99 area | 54.2900 | 34.0000 | 0.63 |
| GLINT mean peak | 0.4956 | 0.5159 | 1.04 |
| GLINT whiteness | 0.8044 | 0.7074 | 0.88 |
| frac_lum>0.40 | 0.0979 | 0.0819 | 0.84 |
| frac_lum>0.50 | 0.0340 | 0.0189 | 0.56 |
| frac_lum>0.60 | 0.0122 | 0.0058 | 0.48 |
| frac_lum>0.75 | 0.0026 | 0.0027 | 1.04 |
| blobs | 5700.0000 | 3546.0000 | 0.62 |
| blob_mean_area | 6.9528 | 6.2219 | 0.89 |
| blob_area_p90 | 7.0000 | 7.0000 | 1.00 |
| whiteness_of_highlights | 0.7669 | 0.7198 | 0.94 |
| gx/gy_streakiness | 0.9544 | 0.9967 | 1.04 |
| mean_lum | 0.2306 | 0.2381 | 1.03 |
| p99 | 0.6196 | 0.5464 | 0.88 |
| p99.9 | 0.8850 | 1.0000 | 1.13 |

BRIGHT glint (>0.60) density per 8 x 8 cell, 01a (left) and mine (right), percent of the cell:
 0.1   0.0   0.0   0.3   0.0   0.0   0.0   0.3   |    0.1   0.0   0.1   0.1   0.1   0.0   0.0   0.0
 0.0   2.3   1.8   0.0   0.1   0.0   0.1   0.0   |    0.0   0.6   0.1   0.1   0.3   0.1   0.0   0.3
 0.0   1.3   2.8   2.3   0.0   0.1   0.0   0.0   |    0.4   0.3   0.5   0.0   0.2   0.0   0.1   0.0
 0.2   0.0   0.4   0.6   0.0   0.0   0.0   0.0   |    0.1   0.6   0.0   0.1   1.7   0.2   0.0   0.0
 0.0   0.1   0.0   0.3   0.1   0.1   0.0   0.1   |    0.1   0.1   0.0   0.8   0.3   0.0   0.0   0.0
 0.0   0.0   0.1   0.0   0.0   0.9   0.8   0.0   |    0.1   0.5   1.0   1.0   0.0   0.7   0.0   0.1
 0.0   0.0   0.0   0.0   0.0   0.6   1.4   0.0   |    1.8   0.0   0.1   0.3   0.0   0.0   0.3   0.0
 0.0   0.0   0.0   0.0   0.1   0.0   0.0   0.0   |    0.6   0.2   0.3   0.0   0.0   0.1   0.0   0.0
