# H010 gain045_keytint
Date: 30 September 2026, 22:25

Frame: render/frames/CeramicGreen_V6_frame_040.png

| measure | 01a | mine | ratio mine / 01a |
|---|---|---|---|
| GLINT frac | 0.0226 | 0.0676 | 3.00 |
| GLINT blobs | 3754.0000 | 6940.0000 | 1.85 |
| GLINT mean area | 7.0072 | 11.3589 | 1.62 |
| GLINT p90 area | 5.0000 | 18.0000 | 3.60 |
| GLINT p99 area | 54.2900 | 130.6100 | 2.41 |
| GLINT mean peak | 0.4956 | 0.7249 | 1.46 |
| GLINT whiteness | 0.8044 | 0.9052 | 1.13 |
| frac_lum>0.40 | 0.0979 | 0.1137 | 1.16 |
| frac_lum>0.50 | 0.0340 | 0.0693 | 2.04 |
| frac_lum>0.60 | 0.0122 | 0.0517 | 4.24 |
| frac_lum>0.75 | 0.0026 | 0.0369 | 14.03 |
| blobs | 5700.0000 | 7850.0000 | 1.38 |
| blob_mean_area | 6.9528 | 10.2982 | 1.48 |
| blob_area_p90 | 7.0000 | 18.0000 | 2.57 |
| whiteness_of_highlights | 0.7669 | 0.9098 | 1.19 |
| gx/gy_streakiness | 0.9544 | 1.0062 | 1.05 |
| mean_lum | 0.2306 | 0.2562 | 1.11 |
| p99 | 0.6196 | 1.0000 | 1.61 |
| p99.9 | 0.8850 | 1.0000 | 1.13 |

Glint density per 8 x 8 cell, 01a (left) and mine (right), percent of the cell:
 0.3   0.3   2.7   0.6   0.0   0.1   0.0   0.3   |    3.6   2.8   1.2   4.9   2.5   4.8   6.0   0.8
 0.5  18.6  10.2   5.1   1.2   0.3   0.1   0.0   |    4.1  12.2  14.5   3.4   1.2   6.6   0.7   2.0
 0.2  12.0   7.0  20.5  11.8   0.8   0.1   0.0   |    7.1  13.0  16.1  11.1  12.3  12.5   3.6   1.2
 1.2   0.7   5.0  11.3   1.5   4.2   0.1   0.1   |    4.6  11.4  13.0   9.3  18.2   7.6   1.7   2.9
 0.0   1.2   2.0   4.6   1.6   3.4   2.5   0.4   |    5.1   4.0   8.8  21.9  11.3   3.1   8.3   3.1
 0.4   0.1   2.1   0.4   0.6   2.2   1.2   0.7   |    9.6  26.4   9.9   5.9   5.3   4.7   2.7   1.5
 0.0   0.4   0.0   0.2   0.0   1.0   2.4   0.0   |   15.0  10.7   4.3   6.2   3.4   0.8   3.6   2.4
 0.0   0.0   0.0   0.0   0.2   0.0   0.0   0.0   |   10.0   3.9   2.8   1.7   2.6   3.8   8.0   5.1
