# H057 decoupled_key56
Date: 30 September 2026, 23:41

Frame: render/frames/CeramicGreen_V6_frame_085.png

| measure | 01a | mine | ratio mine / 01a |
|---|---|---|---|
| BRIGHT frac (>0.60) | 0.0027 | 0.0062 | 2.28 |
| BRIGHT blobs | 585.0000 | 634.0000 | 1.08 |
| BRIGHT mean area | 5.4051 | 11.3486 | 2.10 |
| BRIGHT p90 area | 6.0000 | 22.0000 | 3.67 |
| BRIGHT p99 area | 76.4400 | 218.4600 | 2.86 |
| BRIGHT frac>0.90 | 0.0007 | 0.0024 | 3.36 |
| GLINT frac | 0.0226 | 0.0676 | 3.00 |
| GLINT blobs | 3754.0000 | 6810.0000 | 1.81 |
| GLINT mean area | 7.0072 | 11.5849 | 1.65 |
| GLINT p90 area | 5.0000 | 7.0000 | 1.40 |
| GLINT p99 area | 54.2900 | 57.9100 | 1.07 |
| GLINT mean peak | 0.4956 | 0.4973 | 1.00 |
| GLINT whiteness | 0.8044 | 0.6694 | 0.83 |
| frac_lum>0.40 | 0.0979 | 0.2249 | 2.30 |
| frac_lum>0.50 | 0.0340 | 0.0693 | 2.04 |
| frac_lum>0.60 | 0.0122 | 0.0145 | 1.19 |
| frac_lum>0.75 | 0.0026 | 0.0050 | 1.91 |
| blobs | 5700.0000 | 7427.0000 | 1.30 |
| blob_mean_area | 6.9528 | 10.8861 | 1.57 |
| blob_area_p90 | 7.0000 | 7.0000 | 1.00 |
| whiteness_of_highlights | 0.7669 | 0.6727 | 0.88 |
| gx/gy_streakiness | 0.9544 | 0.9922 | 1.04 |
| mean_lum | 0.2306 | 0.3033 | 1.32 |
| p99 | 0.6196 | 0.6288 | 1.01 |
| p99.9 | 0.8850 | 0.9425 | 1.06 |

BRIGHT glint (>0.60) density per 8 x 8 cell, 01a (left) and mine (right), percent of the cell:
 0.1   0.0   0.0   0.3   0.0   0.0   0.0   0.3   |    0.0   0.1   0.0   0.9   0.3   0.0   0.1   0.0
 0.0   2.3   1.8   0.0   0.1   0.0   0.1   0.0   |    0.1   4.5   0.2   0.0   0.1   0.3   0.3   0.0
 0.0   1.3   2.8   2.3   0.0   0.1   0.0   0.0   |    0.4   2.5   0.8   0.3   0.0   0.0   0.5   1.0
 0.2   0.0   0.4   0.6   0.0   0.0   0.0   0.0   |    0.9   0.6   0.2   0.3   0.9   0.6   0.0   0.0
 0.0   0.1   0.0   0.3   0.1   0.1   0.0   0.1   |    0.1   4.1   1.0   0.5   0.9   0.4   1.4   0.3
 0.0   0.0   0.1   0.0   0.0   0.9   0.8   0.0   |    0.1   0.8   2.6   0.7   0.3   1.6   0.7   0.4
 0.0   0.0   0.0   0.0   0.0   0.6   1.4   0.0   |    0.0   4.2   0.4   0.3   0.1   0.0   0.9   0.1
 0.0   0.0   0.0   0.0   0.1   0.0   0.0   0.0   |    0.0   0.2   0.1   0.1   0.1   0.6   0.2   0.1
