# H037 wall06
Date: 30 September 2026, 23:20

Frame: render/frames/CeramicGreen_V6_frame_065.png

| measure | 01a | mine | ratio mine / 01a |
|---|---|---|---|
| BRIGHT frac (>0.60) | 0.0027 | 0.0038 | 1.40 |
| BRIGHT blobs | 585.0000 | 482.0000 | 0.82 |
| BRIGHT mean area | 5.4051 | 9.1639 | 1.70 |
| BRIGHT p90 area | 6.0000 | 18.0000 | 3.00 |
| BRIGHT p99 area | 76.4400 | 105.1400 | 1.38 |
| BRIGHT frac>0.90 | 0.0007 | 0.0022 | 3.12 |
| GLINT frac | 0.0226 | 0.0160 | 0.71 |
| GLINT blobs | 3754.0000 | 3011.0000 | 0.80 |
| GLINT mean area | 7.0072 | 6.1857 | 0.88 |
| GLINT p90 area | 5.0000 | 8.0000 | 1.60 |
| GLINT p99 area | 54.2900 | 49.0000 | 0.90 |
| GLINT mean peak | 0.4956 | 0.5345 | 1.08 |
| GLINT whiteness | 0.8044 | 0.7444 | 0.93 |
| frac_lum>0.40 | 0.0979 | 0.0908 | 0.93 |
| frac_lum>0.50 | 0.0340 | 0.0239 | 0.70 |
| frac_lum>0.60 | 0.0122 | 0.0074 | 0.61 |
| frac_lum>0.75 | 0.0026 | 0.0038 | 1.45 |
| blobs | 5700.0000 | 4037.0000 | 0.71 |
| blob_mean_area | 6.9528 | 6.9180 | 0.99 |
| blob_area_p90 | 7.0000 | 9.0000 | 1.29 |
| whiteness_of_highlights | 0.7669 | 0.7292 | 0.95 |
| gx/gy_streakiness | 0.9544 | 0.9993 | 1.05 |
| mean_lum | 0.2306 | 0.2414 | 1.05 |
| p99 | 0.6196 | 0.5686 | 0.92 |
| p99.9 | 0.8850 | 1.0000 | 1.13 |

BRIGHT glint (>0.60) density per 8 x 8 cell, 01a (left) and mine (right), percent of the cell:
 0.1   0.0   0.0   0.3   0.0   0.0   0.0   0.3   |    0.5   0.0   0.0   0.1   0.1   0.1   0.1   0.0
 0.0   2.3   1.8   0.0   0.1   0.0   0.1   0.0   |    0.3   1.1   3.6   0.0   0.2   0.3   0.0   0.4
 0.0   1.3   2.8   2.3   0.0   0.1   0.0   0.0   |    0.3   0.8   0.9   0.6   0.5   1.0   0.1   0.0
 0.2   0.0   0.4   0.6   0.0   0.0   0.0   0.0   |    0.3   0.1   0.3   0.1   0.6   0.2   0.0   0.0
 0.0   0.1   0.0   0.3   0.1   0.1   0.0   0.1   |    0.0   0.1   0.6   2.5   0.3   0.0   0.6   0.2
 0.0   0.0   0.1   0.0   0.0   0.9   0.8   0.0   |    0.7   0.9   1.0   0.2   0.0   0.4   0.2   0.6
 0.0   0.0   0.0   0.0   0.0   0.6   1.4   0.0   |    0.4   0.2   0.1   0.4   0.0   0.1   0.8   0.1
 0.0   0.0   0.0   0.0   0.1   0.0   0.0   0.0   |    0.3   0.0   0.0   0.1   0.1   0.1   0.6   0.1
