# H053 angle8cal
Date: 30 September 2026, 23:35

Frame: render/frames/CeramicGreen_V6_frame_081.png

| measure | 01a | mine | ratio mine / 01a |
|---|---|---|---|
| BRIGHT frac (>0.60) | 0.0027 | 0.0083 | 3.07 |
| BRIGHT blobs | 585.0000 | 418.0000 | 0.71 |
| BRIGHT mean area | 5.4051 | 23.2392 | 4.30 |
| BRIGHT p90 area | 6.0000 | 45.0000 | 7.50 |
| BRIGHT p99 area | 76.4400 | 369.6600 | 4.84 |
| BRIGHT frac>0.90 | 0.0007 | 0.0032 | 4.58 |
| GLINT frac | 0.0226 | 0.0145 | 0.64 |
| GLINT blobs | 3754.0000 | 1699.0000 | 0.45 |
| GLINT mean area | 7.0072 | 9.9311 | 1.42 |
| GLINT p90 area | 5.0000 | 13.0000 | 2.60 |
| GLINT p99 area | 54.2900 | 160.0000 | 2.95 |
| GLINT mean peak | 0.4956 | 0.5472 | 1.10 |
| GLINT whiteness | 0.8044 | 0.8376 | 1.04 |
| frac_lum>0.40 | 0.0979 | 0.0735 | 0.75 |
| frac_lum>0.50 | 0.0340 | 0.0187 | 0.55 |
| frac_lum>0.60 | 0.0122 | 0.0104 | 0.85 |
| frac_lum>0.75 | 0.0026 | 0.0071 | 2.70 |
| blobs | 5700.0000 | 2371.0000 | 0.42 |
| blob_mean_area | 6.9528 | 9.1974 | 1.32 |
| blob_area_p90 | 7.0000 | 14.0000 | 2.00 |
| whiteness_of_highlights | 0.7669 | 0.8201 | 1.07 |
| gx/gy_streakiness | 0.9544 | 1.0070 | 1.06 |
| mean_lum | 0.2306 | 0.2433 | 1.06 |
| p99 | 0.6196 | 0.6131 | 0.99 |
| p99.9 | 0.8850 | 0.9359 | 1.06 |

BRIGHT glint (>0.60) density per 8 x 8 cell, 01a (left) and mine (right), percent of the cell:
 0.1   0.0   0.0   0.3   0.0   0.0   0.0   0.3   |    0.4   0.0   0.1   0.2   0.1   0.1   0.4   0.0
 0.0   2.3   1.8   0.0   0.1   0.0   0.1   0.0   |    0.3   0.6   4.4   0.0   0.1   0.7   0.0   0.7
 0.0   1.3   2.8   2.3   0.0   0.1   0.0   0.0   |    0.3   1.1   0.8   0.7   1.8   2.1   0.5   0.0
 0.2   0.0   0.4   0.6   0.0   0.0   0.0   0.0   |    1.4   0.3   0.3   0.0   2.0   1.0   0.1   0.0
 0.0   0.1   0.0   0.3   0.1   0.1   0.0   0.1   |    0.2   0.1   1.4   4.4   1.5   0.0   1.0   0.3
 0.0   0.0   0.1   0.0   0.0   0.9   0.8   0.0   |    1.9   5.8   4.5   0.8   0.1   0.6   0.2   0.9
 0.0   0.0   0.0   0.0   0.0   0.6   1.4   0.0   |    1.8   0.6   0.7   1.2   0.0   0.1   1.2   0.3
 0.0   0.0   0.0   0.0   0.1   0.0   0.0   0.0   |    1.4   0.2   0.2   0.0   0.1   0.1   0.8   0.3
