# H027 nrm07
Date: 30 September 2026, 22:55

Frame: render/frames/CeramicGreen_V6_frame_055.png

| measure | 01a | mine | ratio mine / 01a |
|---|---|---|---|
| BRIGHT frac (>0.60) | 0.0027 | 0.0033 | 1.21 |
| BRIGHT blobs | 585.0000 | 384.0000 | 0.66 |
| BRIGHT mean area | 5.4051 | 9.9609 | 1.84 |
| BRIGHT p90 area | 6.0000 | 18.7000 | 3.12 |
| BRIGHT p99 area | 76.4400 | 156.6900 | 2.05 |
| BRIGHT frac>0.90 | 0.0007 | 0.0020 | 2.89 |
| GLINT frac | 0.0226 | 0.0072 | 0.32 |
| GLINT blobs | 3754.0000 | 1446.0000 | 0.39 |
| GLINT mean area | 7.0072 | 5.8257 | 0.83 |
| GLINT p90 area | 5.0000 | 8.0000 | 1.60 |
| GLINT p99 area | 54.2900 | 71.5500 | 1.32 |
| GLINT mean peak | 0.4956 | 0.5675 | 1.15 |
| GLINT whiteness | 0.8044 | 0.8219 | 1.02 |
| frac_lum>0.40 | 0.0979 | 0.0416 | 0.43 |
| frac_lum>0.50 | 0.0340 | 0.0107 | 0.31 |
| frac_lum>0.60 | 0.0122 | 0.0059 | 0.49 |
| frac_lum>0.75 | 0.0026 | 0.0038 | 1.43 |
| blobs | 5700.0000 | 2055.0000 | 0.36 |
| blob_mean_area | 6.9528 | 6.0691 | 0.87 |
| blob_area_p90 | 7.0000 | 10.0000 | 1.43 |
| whiteness_of_highlights | 0.7669 | 0.8393 | 1.09 |
| gx/gy_streakiness | 0.9544 | 0.9980 | 1.05 |
| mean_lum | 0.2306 | 0.2202 | 0.95 |
| p99 | 0.6196 | 0.5072 | 0.82 |
| p99.9 | 0.8850 | 1.0000 | 1.13 |

BRIGHT glint (>0.60) density per 8 x 8 cell, 01a (left) and mine (right), percent of the cell:
 0.1   0.0   0.0   0.3   0.0   0.0   0.0   0.3   |    0.2   0.0   0.1   0.1   0.3   0.0   0.0   0.0
 0.0   2.3   1.8   0.0   0.1   0.0   0.1   0.0   |    0.3   1.4   0.0   0.0   0.6   0.4   0.0   0.5
 0.0   1.3   2.8   2.3   0.0   0.1   0.0   0.0   |    0.5   0.2   0.9   0.0   0.6   0.0   0.2   0.0
 0.2   0.0   0.4   0.6   0.0   0.0   0.0   0.0   |    0.1   0.8   0.0   0.1   2.5   0.7   0.0   0.0
 0.0   0.1   0.0   0.3   0.1   0.1   0.0   0.1   |    0.1   0.1   0.0   0.2   0.2   0.0   0.2   0.0
 0.0   0.0   0.1   0.0   0.0   0.9   0.8   0.0   |    0.0   0.8   0.5   1.1   0.0   0.6   0.0   0.3
 0.0   0.0   0.0   0.0   0.0   0.6   1.4   0.0   |    1.8   0.1   0.7   0.4   0.0   0.0   1.8   0.0
 0.0   0.0   0.0   0.0   0.1   0.0   0.0   0.0   |    1.0   0.1   0.2   0.0   0.1   0.0   0.0   0.0
