# H028 nrm09fill35
Date: 30 September 2026, 22:56

Frame: render/frames/CeramicGreen_V6_frame_056.png

| measure | 01a | mine | ratio mine / 01a |
|---|---|---|---|
| BRIGHT frac (>0.60) | 0.0027 | 0.0029 | 1.07 |
| BRIGHT blobs | 585.0000 | 353.0000 | 0.60 |
| BRIGHT mean area | 5.4051 | 9.5779 | 1.77 |
| BRIGHT p90 area | 6.0000 | 23.8000 | 3.97 |
| BRIGHT p99 area | 76.4400 | 91.2000 | 1.19 |
| BRIGHT frac>0.90 | 0.0007 | 0.0018 | 2.52 |
| GLINT frac | 0.0226 | 0.0078 | 0.35 |
| GLINT blobs | 3754.0000 | 1629.0000 | 0.43 |
| GLINT mean area | 7.0072 | 5.5820 | 0.80 |
| GLINT p90 area | 5.0000 | 8.0000 | 1.60 |
| GLINT p99 area | 54.2900 | 72.0000 | 1.33 |
| GLINT mean peak | 0.4956 | 0.5490 | 1.11 |
| GLINT whiteness | 0.8044 | 0.7917 | 0.98 |
| frac_lum>0.40 | 0.0979 | 0.0474 | 0.48 |
| frac_lum>0.50 | 0.0340 | 0.0110 | 0.32 |
| frac_lum>0.60 | 0.0122 | 0.0053 | 0.43 |
| frac_lum>0.75 | 0.0026 | 0.0032 | 1.23 |
| blobs | 5700.0000 | 2178.0000 | 0.38 |
| blob_mean_area | 6.9528 | 5.8871 | 0.85 |
| blob_area_p90 | 7.0000 | 9.3000 | 1.33 |
| whiteness_of_highlights | 0.7669 | 0.8064 | 1.05 |
| gx/gy_streakiness | 0.9544 | 0.9960 | 1.04 |
| mean_lum | 0.2306 | 0.2204 | 0.96 |
| p99 | 0.6196 | 0.5085 | 0.82 |
| p99.9 | 0.8850 | 1.0000 | 1.13 |

BRIGHT glint (>0.60) density per 8 x 8 cell, 01a (left) and mine (right), percent of the cell:
 0.1   0.0   0.0   0.3   0.0   0.0   0.0   0.3   |    0.2   0.0   0.5   0.1   0.1   0.0   0.0   0.0
 0.0   2.3   1.8   0.0   0.1   0.0   0.1   0.0   |    0.4   0.6   0.0   0.1   0.4   0.2   0.0   1.2
 0.0   1.3   2.8   2.3   0.0   0.1   0.0   0.0   |    0.4   0.2   0.6   0.0   0.3   0.0   0.1   0.0
 0.2   0.0   0.4   0.6   0.0   0.0   0.0   0.0   |    0.1   0.6   0.0   0.1   2.6   0.4   0.0   0.0
 0.0   0.1   0.0   0.3   0.1   0.1   0.0   0.1   |    0.0   0.2   0.0   0.5   0.2   0.0   0.0   0.0
 0.0   0.0   0.1   0.0   0.0   0.9   0.8   0.0   |    0.0   0.7   0.7   1.2   0.0   0.6   0.0   1.2
 0.0   0.0   0.0   0.0   0.0   0.6   1.4   0.0   |    1.9   0.1   0.1   0.3   0.0   0.0   0.5   0.0
 0.0   0.0   0.0   0.0   0.1   0.0   0.0   0.0   |    0.7   0.1   0.1   0.0   0.0   0.1   0.0   0.0
