# H033 cloud2
Date: 30 September 2026, 23:11

Frame: render/frames/CeramicGreen_V6_frame_061.png

| measure | 01a | mine | ratio mine / 01a |
|---|---|---|---|
| BRIGHT frac (>0.60) | 0.0027 | 0.0040 | 1.49 |
| BRIGHT blobs | 585.0000 | 495.0000 | 0.85 |
| BRIGHT mean area | 5.4051 | 9.5010 | 1.76 |
| BRIGHT p90 area | 6.0000 | 20.0000 | 3.33 |
| BRIGHT p99 area | 76.4400 | 72.4800 | 0.95 |
| BRIGHT frac>0.90 | 0.0007 | 0.0024 | 3.38 |
| GLINT frac | 0.0226 | 0.0156 | 0.69 |
| GLINT blobs | 3754.0000 | 2931.0000 | 0.78 |
| GLINT mean area | 7.0072 | 6.2149 | 0.89 |
| GLINT p90 area | 5.0000 | 8.0000 | 1.60 |
| GLINT p99 area | 54.2900 | 55.4000 | 1.02 |
| GLINT mean peak | 0.4956 | 0.5333 | 1.08 |
| GLINT whiteness | 0.8044 | 0.7522 | 0.94 |
| frac_lum>0.40 | 0.0979 | 0.0825 | 0.84 |
| frac_lum>0.50 | 0.0340 | 0.0216 | 0.63 |
| frac_lum>0.60 | 0.0122 | 0.0072 | 0.59 |
| frac_lum>0.75 | 0.0026 | 0.0039 | 1.47 |
| blobs | 5700.0000 | 3834.0000 | 0.67 |
| blob_mean_area | 6.9528 | 6.5576 | 0.94 |
| blob_area_p90 | 7.0000 | 9.0000 | 1.29 |
| whiteness_of_highlights | 0.7669 | 0.7433 | 0.97 |
| gx/gy_streakiness | 0.9544 | 0.9989 | 1.05 |
| mean_lum | 0.2306 | 0.2342 | 1.02 |
| p99 | 0.6196 | 0.5621 | 0.91 |
| p99.9 | 0.8850 | 1.0000 | 1.13 |

BRIGHT glint (>0.60) density per 8 x 8 cell, 01a (left) and mine (right), percent of the cell:
 0.1   0.0   0.0   0.3   0.0   0.0   0.0   0.3   |    0.3   0.0   0.0   0.2   0.0   0.1   0.1   0.0
 0.0   2.3   1.8   0.0   0.1   0.0   0.1   0.0   |    0.2   0.8   4.4   0.0   0.3   0.3   0.0   0.4
 0.0   1.3   2.8   2.3   0.0   0.1   0.0   0.0   |    0.2   0.7   0.8   0.5   1.0   0.9   0.2   0.0
 0.2   0.0   0.4   0.6   0.0   0.0   0.0   0.0   |    0.4   0.1   0.3   0.1   0.9   0.1   0.0   0.0
 0.0   0.1   0.0   0.3   0.1   0.1   0.0   0.1   |    0.0   0.0   0.6   3.2   0.3   0.0   0.6   0.1
 0.0   0.0   0.1   0.0   0.0   0.9   0.8   0.0   |    0.5   1.2   1.0   0.2   0.0   0.3   0.2   0.9
 0.0   0.0   0.0   0.0   0.0   0.6   1.4   0.0   |    0.4   0.0   0.3   0.4   0.0   0.0   0.9   0.2
 0.0   0.0   0.0   0.0   0.1   0.0   0.0   0.0   |    0.3   0.0   0.1   0.1   0.0   0.1   0.5   0.2
