# H056 decoupled_spec3
Date: 30 September 2026, 23:40

Frame: render/frames/CeramicGreen_V6_frame_084.png

| measure | 01a | mine | ratio mine / 01a |
|---|---|---|---|
| BRIGHT frac (>0.60) | 0.0027 | 0.0049 | 1.82 |
| BRIGHT blobs | 585.0000 | 333.0000 | 0.57 |
| BRIGHT mean area | 5.4051 | 17.3273 | 3.21 |
| BRIGHT p90 area | 6.0000 | 39.8000 | 6.63 |
| BRIGHT p99 area | 76.4400 | 212.0000 | 2.77 |
| BRIGHT frac>0.90 | 0.0007 | 0.0023 | 3.31 |
| GLINT frac | 0.0226 | 0.0060 | 0.27 |
| GLINT blobs | 3754.0000 | 431.0000 | 0.11 |
| GLINT mean area | 7.0072 | 16.2923 | 2.33 |
| GLINT p90 area | 5.0000 | 38.0000 | 7.60 |
| GLINT p99 area | 54.2900 | 223.5000 | 4.12 |
| GLINT mean peak | 0.4956 | 0.7120 | 1.44 |
| GLINT whiteness | 0.8044 | 0.9156 | 1.14 |
| frac_lum>0.40 | 0.0979 | 0.0101 | 0.10 |
| frac_lum>0.50 | 0.0340 | 0.0077 | 0.23 |
| frac_lum>0.60 | 0.0122 | 0.0062 | 0.51 |
| frac_lum>0.75 | 0.0026 | 0.0045 | 1.71 |
| blobs | 5700.0000 | 1037.0000 | 0.18 |
| blob_mean_area | 6.9528 | 8.6162 | 1.24 |
| blob_area_p90 | 7.0000 | 20.0000 | 2.86 |
| whiteness_of_highlights | 0.7669 | 0.9156 | 1.19 |
| gx/gy_streakiness | 0.9544 | 0.9743 | 1.02 |
| mean_lum | 0.2306 | 0.1323 | 0.57 |
| p99 | 0.6196 | 0.4131 | 0.67 |
| p99.9 | 0.8850 | 0.9490 | 1.07 |

BRIGHT glint (>0.60) density per 8 x 8 cell, 01a (left) and mine (right), percent of the cell:
 0.1   0.0   0.0   0.3   0.0   0.0   0.0   0.3   |    0.0   0.1   0.0   0.8   0.2   0.0   0.1   0.0
 0.0   2.3   1.8   0.0   0.1   0.0   0.1   0.0   |    0.1   0.7   0.0   0.0   0.1   0.2   0.3   0.0
 0.0   1.3   2.8   2.3   0.0   0.1   0.0   0.0   |    0.3   1.5   0.4   0.2   0.0   0.0   0.4   1.0
 0.2   0.0   0.4   0.6   0.0   0.0   0.0   0.0   |    0.8   0.5   0.2   0.2   0.8   0.5   0.0   0.0
 0.0   0.1   0.0   0.3   0.1   0.1   0.0   0.1   |    0.1   3.9   0.9   0.4   0.9   0.4   1.2   0.3
 0.0   0.0   0.1   0.0   0.0   0.9   0.8   0.0   |    0.1   0.8   2.5   0.7   0.3   1.4   0.5   0.4
 0.0   0.0   0.0   0.0   0.0   0.6   1.4   0.0   |    0.0   4.2   0.4   0.3   0.1   0.0   0.7   0.1
 0.0   0.0   0.0   0.0   0.1   0.0   0.0   0.0   |    0.1   0.2   0.2   0.1   0.1   0.6   0.2   0.1
