# H023 map_iter_speck05
Date: 30 September 2026, 22:46

Frame: render/frames/CeramicGreen_V6_frame_051.png

| measure | 01a | mine | ratio mine / 01a |
|---|---|---|---|
| BRIGHT frac (>0.60) | 0.0027 | 0.0029 | 1.08 |
| BRIGHT blobs | 585.0000 | 378.0000 | 0.65 |
| BRIGHT mean area | 5.4051 | 9.0450 | 1.67 |
| BRIGHT p90 area | 6.0000 | 18.3000 | 3.05 |
| BRIGHT p99 area | 76.4400 | 128.5300 | 1.68 |
| BRIGHT frac>0.90 | 0.0007 | 0.0017 | 2.43 |
| GLINT frac | 0.0226 | 0.0101 | 0.45 |
| GLINT blobs | 3754.0000 | 2015.0000 | 0.54 |
| GLINT mean area | 7.0072 | 5.8645 | 0.84 |
| GLINT p90 area | 5.0000 | 7.0000 | 1.40 |
| GLINT p99 area | 54.2900 | 47.4400 | 0.87 |
| GLINT mean peak | 0.4956 | 0.5364 | 1.08 |
| GLINT whiteness | 0.8044 | 0.7593 | 0.94 |
| frac_lum>0.40 | 0.0979 | 0.0551 | 0.56 |
| frac_lum>0.50 | 0.0340 | 0.0134 | 0.40 |
| frac_lum>0.60 | 0.0122 | 0.0060 | 0.50 |
| frac_lum>0.75 | 0.0026 | 0.0037 | 1.41 |
| blobs | 5700.0000 | 2337.0000 | 0.41 |
| blob_mean_area | 6.9528 | 6.7129 | 0.97 |
| blob_area_p90 | 7.0000 | 9.0000 | 1.29 |
| whiteness_of_highlights | 0.7669 | 0.7947 | 1.04 |
| gx/gy_streakiness | 0.9544 | 1.0050 | 1.05 |
| mean_lum | 0.2306 | 0.2182 | 0.95 |
| p99 | 0.6196 | 0.5268 | 0.85 |
| p99.9 | 0.8850 | 1.0000 | 1.13 |

BRIGHT glint (>0.60) density per 8 x 8 cell, 01a (left) and mine (right), percent of the cell:
 0.1   0.0   0.0   0.3   0.0   0.0   0.0   0.3   |    0.1   0.0   0.1   0.1   0.1   0.0   0.0   0.0
 0.0   2.3   1.8   0.0   0.1   0.0   0.1   0.0   |    0.0   0.9   0.0   0.0   0.3   0.0   0.0   0.4
 0.0   1.3   2.8   2.3   0.0   0.1   0.0   0.0   |    0.2   0.0   2.0   0.0   0.0   0.0   0.1   0.0
 0.2   0.0   0.4   0.6   0.0   0.0   0.0   0.0   |    0.1   0.8   0.1   0.0   0.8   0.1   0.0   0.0
 0.0   0.1   0.0   0.3   0.1   0.1   0.0   0.1   |    0.3   0.2   0.0   0.0   0.3   0.0   0.0   0.0
 0.0   0.0   0.1   0.0   0.0   0.9   0.8   0.0   |    0.0   1.8   0.5   0.7   0.1   2.8   0.0   0.1
 0.0   0.0   0.0   0.0   0.0   0.6   1.4   0.0   |    1.8   0.5   0.0   0.9   0.1   0.0   0.5   0.0
 0.0   0.0   0.0   0.0   0.1   0.0   0.0   0.0   |    1.5   0.1   0.0   0.0   0.0   0.1   0.2   0.0
