# H041 key415tint52
Date: 30 September 2026, 23:24

Frame: render/frames/CeramicGreen_V6_frame_069.png

| measure | 01a | mine | ratio mine / 01a |
|---|---|---|---|
| BRIGHT frac (>0.60) | 0.0027 | 0.0038 | 1.41 |
| BRIGHT blobs | 585.0000 | 490.0000 | 0.84 |
| BRIGHT mean area | 5.4051 | 9.1265 | 1.69 |
| BRIGHT p90 area | 6.0000 | 20.0000 | 3.33 |
| BRIGHT p99 area | 76.4400 | 65.1100 | 0.85 |
| BRIGHT frac>0.90 | 0.0007 | 0.0022 | 3.16 |
| GLINT frac | 0.0226 | 0.0135 | 0.60 |
| GLINT blobs | 3754.0000 | 2636.0000 | 0.70 |
| GLINT mean area | 7.0072 | 5.9734 | 0.85 |
| GLINT p90 area | 5.0000 | 8.0000 | 1.60 |
| GLINT p99 area | 54.2900 | 47.6500 | 0.88 |
| GLINT mean peak | 0.4956 | 0.5432 | 1.10 |
| GLINT whiteness | 0.8044 | 0.7613 | 0.95 |
| frac_lum>0.40 | 0.0979 | 0.0862 | 0.88 |
| frac_lum>0.50 | 0.0340 | 0.0229 | 0.67 |
| frac_lum>0.60 | 0.0122 | 0.0072 | 0.59 |
| frac_lum>0.75 | 0.0026 | 0.0036 | 1.37 |
| blobs | 5700.0000 | 3769.0000 | 0.66 |
| blob_mean_area | 6.9528 | 7.0873 | 1.02 |
| blob_area_p90 | 7.0000 | 9.0000 | 1.29 |
| whiteness_of_highlights | 0.7669 | 0.7332 | 0.96 |
| gx/gy_streakiness | 0.9544 | 1.0047 | 1.05 |
| mean_lum | 0.2306 | 0.2390 | 1.04 |
| p99 | 0.6196 | 0.5647 | 0.91 |
| p99.9 | 0.8850 | 1.0000 | 1.13 |

BRIGHT glint (>0.60) density per 8 x 8 cell, 01a (left) and mine (right), percent of the cell:
 0.1   0.0   0.0   0.3   0.0   0.0   0.0   0.3   |    0.3   0.0   0.0   0.1   0.0   0.1   0.1   0.0
 0.0   2.3   1.8   0.0   0.1   0.0   0.1   0.0   |    0.2   0.7   3.7   0.0   0.2   0.3   0.0   0.5
 0.0   1.3   2.8   2.3   0.0   0.1   0.0   0.0   |    0.2   0.6   0.6   0.4   0.9   0.8   0.1   0.0
 0.2   0.0   0.4   0.6   0.0   0.0   0.0   0.0   |    0.4   0.2   0.3   0.0   0.8   0.1   0.0   0.0
 0.0   0.1   0.0   0.3   0.1   0.1   0.0   0.1   |    0.0   0.0   0.7   3.0   0.3   0.0   0.6   0.2
 0.0   0.0   0.1   0.0   0.0   0.9   0.8   0.0   |    0.5   1.3   1.1   0.2   0.0   0.4   0.2   0.7
 0.0   0.0   0.0   0.0   0.0   0.6   1.4   0.0   |    0.4   0.1   0.2   0.4   0.0   0.0   0.7   0.1
 0.0   0.0   0.0   0.0   0.1   0.0   0.0   0.0   |    0.3   0.1   0.1   0.1   0.0   0.1   0.5   0.1
