# H046 angle6gain25
Date: 30 September 2026, 23:28

Frame: render/frames/CeramicGreen_V6_frame_074.png

| measure | 01a | mine | ratio mine / 01a |
|---|---|---|---|
| BRIGHT frac (>0.60) | 0.0027 | 0.0065 | 2.39 |
| BRIGHT blobs | 585.0000 | 461.0000 | 0.79 |
| BRIGHT mean area | 5.4051 | 16.4035 | 3.03 |
| BRIGHT p90 area | 6.0000 | 37.0000 | 6.17 |
| BRIGHT p99 area | 76.4400 | 167.6000 | 2.19 |
| BRIGHT frac>0.90 | 0.0007 | 0.0048 | 6.87 |
| GLINT frac | 0.0226 | 0.0142 | 0.63 |
| GLINT blobs | 3754.0000 | 2162.0000 | 0.58 |
| GLINT mean area | 7.0072 | 7.6536 | 1.09 |
| GLINT p90 area | 5.0000 | 9.0000 | 1.80 |
| GLINT p99 area | 54.2900 | 103.5600 | 1.91 |
| GLINT mean peak | 0.4956 | 0.5565 | 1.12 |
| GLINT whiteness | 0.8044 | 0.8156 | 1.01 |
| frac_lum>0.40 | 0.0979 | 0.0712 | 0.73 |
| frac_lum>0.50 | 0.0340 | 0.0203 | 0.60 |
| frac_lum>0.60 | 0.0122 | 0.0094 | 0.78 |
| frac_lum>0.75 | 0.0026 | 0.0066 | 2.51 |
| blobs | 5700.0000 | 2979.0000 | 0.52 |
| blob_mean_area | 6.9528 | 7.9426 | 1.14 |
| blob_area_p90 | 7.0000 | 12.0000 | 1.71 |
| whiteness_of_highlights | 0.7669 | 0.7881 | 1.03 |
| gx/gy_streakiness | 0.9544 | 1.0066 | 1.05 |
| mean_lum | 0.2306 | 0.2326 | 1.01 |
| p99 | 0.6196 | 0.5882 | 0.95 |
| p99.9 | 0.8850 | 1.0000 | 1.13 |

BRIGHT glint (>0.60) density per 8 x 8 cell, 01a (left) and mine (right), percent of the cell:
 0.1   0.0   0.0   0.3   0.0   0.0   0.0   0.3   |    0.3   0.0   0.1   0.1   0.1   0.1   0.3   0.0
 0.0   2.3   1.8   0.0   0.1   0.0   0.1   0.0   |    0.3   0.4   3.2   0.0   0.2   0.6   0.0   0.6
 0.0   1.3   2.8   2.3   0.0   0.1   0.0   0.0   |    0.2   0.6   0.7   0.6   1.4   1.5   0.4   0.0
 0.2   0.0   0.4   0.6   0.0   0.0   0.0   0.0   |    1.1   0.3   0.3   0.0   1.5   0.6   0.1   0.0
 0.0   0.1   0.0   0.3   0.1   0.1   0.0   0.1   |    0.1   0.1   1.2   4.0   1.0   0.0   0.9   0.3
 0.0   0.0   0.1   0.0   0.0   0.9   0.8   0.0   |    1.6   4.2   3.2   0.6   0.1   0.5   0.2   0.9
 0.0   0.0   0.0   0.0   0.0   0.6   1.4   0.0   |    1.2   0.4   0.6   1.0   0.0   0.1   0.9   0.2
 0.0   0.0   0.0   0.0   0.1   0.0   0.0   0.0   |    1.0   0.2   0.2   0.1   0.1   0.1   0.6   0.2
