# H043 slope092cloud15
Date: 30 September 2026, 23:26

Frame: render/frames/CeramicGreen_V6_frame_071.png

| measure | 01a | mine | ratio mine / 01a |
|---|---|---|---|
| BRIGHT frac (>0.60) | 0.0027 | 0.0038 | 1.40 |
| BRIGHT blobs | 585.0000 | 453.0000 | 0.77 |
| BRIGHT mean area | 5.4051 | 9.7417 | 1.80 |
| BRIGHT p90 area | 6.0000 | 21.0000 | 3.50 |
| BRIGHT p99 area | 76.4400 | 65.4800 | 0.86 |
| BRIGHT frac>0.90 | 0.0007 | 0.0022 | 3.17 |
| GLINT frac | 0.0226 | 0.0105 | 0.46 |
| GLINT blobs | 3754.0000 | 1953.0000 | 0.52 |
| GLINT mean area | 7.0072 | 6.2601 | 0.89 |
| GLINT p90 area | 5.0000 | 8.0000 | 1.60 |
| GLINT p99 area | 54.2900 | 55.0000 | 1.01 |
| GLINT mean peak | 0.4956 | 0.5603 | 1.13 |
| GLINT whiteness | 0.8044 | 0.7848 | 0.98 |
| frac_lum>0.40 | 0.0979 | 0.0681 | 0.70 |
| frac_lum>0.50 | 0.0340 | 0.0173 | 0.51 |
| frac_lum>0.60 | 0.0122 | 0.0064 | 0.53 |
| frac_lum>0.75 | 0.0026 | 0.0036 | 1.35 |
| blobs | 5700.0000 | 2799.0000 | 0.49 |
| blob_mean_area | 6.9528 | 7.2201 | 1.04 |
| blob_area_p90 | 7.0000 | 10.0000 | 1.43 |
| whiteness_of_highlights | 0.7669 | 0.7467 | 0.97 |
| gx/gy_streakiness | 0.9544 | 1.0025 | 1.05 |
| mean_lum | 0.2306 | 0.2270 | 0.98 |
| p99 | 0.6196 | 0.5477 | 0.88 |
| p99.9 | 0.8850 | 1.0000 | 1.13 |

BRIGHT glint (>0.60) density per 8 x 8 cell, 01a (left) and mine (right), percent of the cell:
 0.1   0.0   0.0   0.3   0.0   0.0   0.0   0.3   |    0.4   0.0   0.0   0.1   0.1   0.1   0.1   0.0
 0.0   2.3   1.8   0.0   0.1   0.0   0.1   0.0   |    0.2   0.5   3.6   0.0   0.2   0.3   0.0   0.5
 0.0   1.3   2.8   2.3   0.0   0.1   0.0   0.0   |    0.2   0.6   0.6   0.4   0.9   0.8   0.1   0.0
 0.2   0.0   0.4   0.6   0.0   0.0   0.0   0.0   |    0.4   0.2   0.3   0.0   0.8   0.1   0.0   0.0
 0.0   0.1   0.0   0.3   0.1   0.1   0.0   0.1   |    0.0   0.0   0.7   3.0   0.3   0.0   0.6   0.2
 0.0   0.0   0.1   0.0   0.0   0.9   0.8   0.0   |    0.5   1.3   1.0   0.2   0.0   0.4   0.2   0.7
 0.0   0.0   0.0   0.0   0.0   0.6   1.4   0.0   |    0.4   0.1   0.2   0.4   0.0   0.0   0.7   0.1
 0.0   0.0   0.0   0.0   0.1   0.0   0.0   0.0   |    0.3   0.1   0.1   0.1   0.0   0.1   0.5   0.1
