# H008 reflectmap_iter3_gain07
Date: 30 September 2026, 22:13

Frame: render/frames/CeramicGreen_V6_frame_038.png

| measure | 01a | mine | ratio mine / 01a |
|---|---|---|---|
| GLINT frac | 0.0226 | 0.0241 | 1.07 |
| GLINT blobs | 3754.0000 | 4824.0000 | 1.29 |
| GLINT mean area | 7.0072 | 5.8315 | 0.83 |
| GLINT p90 area | 5.0000 | 11.0000 | 2.20 |
| GLINT p99 area | 54.2900 | 51.7700 | 0.95 |
| GLINT mean peak | 0.4956 | 0.6774 | 1.37 |
| GLINT whiteness | 0.8044 | 0.8804 | 1.09 |
| frac_lum>0.40 | 0.0979 | 0.0589 | 0.60 |
| frac_lum>0.50 | 0.0340 | 0.0250 | 0.74 |
| frac_lum>0.60 | 0.0122 | 0.0157 | 1.29 |
| frac_lum>0.75 | 0.0026 | 0.0092 | 3.51 |
| blobs | 5700.0000 | 5679.0000 | 1.00 |
| blob_mean_area | 6.9528 | 5.1444 | 0.74 |
| blob_area_p90 | 7.0000 | 11.0000 | 1.57 |
| whiteness_of_highlights | 0.7669 | 0.8738 | 1.14 |
| gx/gy_streakiness | 0.9544 | 1.0001 | 1.05 |
| mean_lum | 0.2306 | 0.2194 | 0.95 |
| p99 | 0.6196 | 0.7268 | 1.17 |
| p99.9 | 0.8850 | 1.0000 | 1.13 |

Glint density per 8 x 8 cell, 01a (left) and mine (right), percent of the cell:
 0.3   0.3   2.7   0.6   0.0   0.1   0.0   0.3   |    1.2   0.9   0.5   2.0   0.3   0.9   0.7   0.1
 0.5  18.6  10.2   5.1   1.2   0.3   0.1   0.0   |    1.3  10.9   9.9   1.1   0.2   2.3   0.1   0.2
 0.2  12.0   7.0  20.5  11.8   0.8   0.1   0.0   |    2.7   7.9   6.3   4.9   7.1   5.6   0.7   0.2
 1.2   0.7   5.0  11.3   1.5   4.2   0.1   0.1   |    1.4   5.7   5.1   3.8   9.2   2.6   0.5   0.6
 0.0   1.2   2.0   4.6   1.6   3.4   2.5   0.4   |    0.7   1.1   3.8  10.5   5.8   0.9   4.2   0.7
 0.4   0.1   2.1   0.4   0.6   2.2   1.2   0.7   |    1.1   3.8   3.1   1.4   2.3   1.9   0.8   0.2
 0.0   0.4   0.0   0.2   0.0   1.0   2.4   0.0   |    2.5   1.5   0.5   1.4   0.5   0.0   0.9   0.9
 0.0   0.0   0.0   0.0   0.2   0.0   0.0   0.0   |    1.7   0.5   0.2   0.2   0.4   0.8   2.3   0.8
