# H042 cloud1
Date: 30 September 2026, 23:25

Frame: render/frames/CeramicGreen_V6_frame_070.png

| measure | 01a | mine | ratio mine / 01a |
|---|---|---|---|
| BRIGHT frac (>0.60) | 0.0027 | 0.0038 | 1.39 |
| BRIGHT blobs | 585.0000 | 447.0000 | 0.76 |
| BRIGHT mean area | 5.4051 | 9.8613 | 1.82 |
| BRIGHT p90 area | 6.0000 | 21.4000 | 3.57 |
| BRIGHT p99 area | 76.4400 | 65.5400 | 0.86 |
| BRIGHT frac>0.90 | 0.0007 | 0.0022 | 3.17 |
| GLINT frac | 0.0226 | 0.0104 | 0.46 |
| GLINT blobs | 3754.0000 | 1955.0000 | 0.52 |
| GLINT mean area | 7.0072 | 6.1836 | 0.88 |
| GLINT p90 area | 5.0000 | 8.0000 | 1.60 |
| GLINT p99 area | 54.2900 | 51.8400 | 0.95 |
| GLINT mean peak | 0.4956 | 0.5588 | 1.13 |
| GLINT whiteness | 0.8044 | 0.7895 | 0.98 |
| frac_lum>0.40 | 0.0979 | 0.0742 | 0.76 |
| frac_lum>0.50 | 0.0340 | 0.0197 | 0.58 |
| frac_lum>0.60 | 0.0122 | 0.0069 | 0.57 |
| frac_lum>0.75 | 0.0026 | 0.0036 | 1.36 |
| blobs | 5700.0000 | 2963.0000 | 0.52 |
| blob_mean_area | 6.9528 | 7.7354 | 1.11 |
| blob_area_p90 | 7.0000 | 10.0000 | 1.43 |
| whiteness_of_highlights | 0.7669 | 0.7368 | 0.96 |
| gx/gy_streakiness | 0.9544 | 1.0048 | 1.05 |
| mean_lum | 0.2306 | 0.2331 | 1.01 |
| p99 | 0.6196 | 0.5595 | 0.90 |
| p99.9 | 0.8850 | 1.0000 | 1.13 |

BRIGHT glint (>0.60) density per 8 x 8 cell, 01a (left) and mine (right), percent of the cell:
 0.1   0.0   0.0   0.3   0.0   0.0   0.0   0.3   |    0.4   0.0   0.0   0.1   0.0   0.1   0.1   0.0
 0.0   2.3   1.8   0.0   0.1   0.0   0.1   0.0   |    0.2   0.5   3.7   0.0   0.2   0.4   0.0   0.5
 0.0   1.3   2.8   2.3   0.0   0.1   0.0   0.0   |    0.1   0.6   0.6   0.4   1.0   0.8   0.1   0.0
 0.2   0.0   0.4   0.6   0.0   0.0   0.0   0.0   |    0.4   0.2   0.2   0.0   0.8   0.1   0.0   0.0
 0.0   0.1   0.0   0.3   0.1   0.1   0.0   0.1   |    0.0   0.0   0.7   3.1   0.3   0.0   0.6   0.2
 0.0   0.0   0.1   0.0   0.0   0.9   0.8   0.0   |    0.5   1.3   1.0   0.2   0.0   0.4   0.2   0.7
 0.0   0.0   0.0   0.0   0.0   0.6   1.4   0.0   |    0.4   0.1   0.2   0.4   0.0   0.0   0.7   0.1
 0.0   0.0   0.0   0.0   0.1   0.0   0.0   0.0   |    0.3   0.1   0.1   0.1   0.0   0.1   0.4   0.1
