# H022 dish05
Date: 30 September 2026, 22:45

Frame: render/frames/CeramicGreen_V6_frame_050.png

| measure | 01a | mine | ratio mine / 01a |
|---|---|---|---|
| BRIGHT frac (>0.60) | 0.0027 | 0.0030 | 1.12 |
| BRIGHT blobs | 585.0000 | 389.0000 | 0.66 |
| BRIGHT mean area | 5.4051 | 9.0746 | 1.68 |
| BRIGHT p90 area | 6.0000 | 18.2000 | 3.03 |
| BRIGHT p99 area | 76.4400 | 118.5200 | 1.55 |
| BRIGHT frac>0.90 | 0.0007 | 0.0017 | 2.42 |
| GLINT frac | 0.0226 | 0.0139 | 0.62 |
| GLINT blobs | 3754.0000 | 3418.0000 | 0.91 |
| GLINT mean area | 7.0072 | 4.7499 | 0.68 |
| GLINT p90 area | 5.0000 | 5.0000 | 1.00 |
| GLINT p99 area | 54.2900 | 41.8300 | 0.77 |
| GLINT mean peak | 0.4956 | 0.5121 | 1.03 |
| GLINT whiteness | 0.8044 | 0.7273 | 0.90 |
| frac_lum>0.40 | 0.0979 | 0.0691 | 0.71 |
| frac_lum>0.50 | 0.0340 | 0.0140 | 0.41 |
| frac_lum>0.60 | 0.0122 | 0.0057 | 0.47 |
| frac_lum>0.75 | 0.0026 | 0.0035 | 1.33 |
| blobs | 5700.0000 | 2731.0000 | 0.48 |
| blob_mean_area | 6.9528 | 5.9703 | 0.86 |
| blob_area_p90 | 7.0000 | 8.0000 | 1.14 |
| whiteness_of_highlights | 0.7669 | 0.7829 | 1.02 |
| gx/gy_streakiness | 0.9544 | 1.0049 | 1.05 |
| mean_lum | 0.2306 | 0.2398 | 1.04 |
| p99 | 0.6196 | 0.5268 | 0.85 |
| p99.9 | 0.8850 | 1.0000 | 1.13 |

BRIGHT glint (>0.60) density per 8 x 8 cell, 01a (left) and mine (right), percent of the cell:
 0.1   0.0   0.0   0.3   0.0   0.0   0.0   0.3   |    0.1   0.0   0.1   0.1   0.1   0.0   0.0   0.0
 0.0   2.3   1.8   0.0   0.1   0.0   0.1   0.0   |    0.0   0.8   0.0   0.1   0.3   0.0   0.0   0.4
 0.0   1.3   2.8   2.3   0.0   0.1   0.0   0.0   |    0.3   0.0   1.5   0.0   0.0   0.0   0.1   0.0
 0.2   0.0   0.4   0.6   0.0   0.0   0.0   0.0   |    0.1   0.9   0.1   0.0   0.8   0.1   0.0   0.0
 0.0   0.1   0.0   0.3   0.1   0.1   0.0   0.1   |    0.3   0.2   0.0   0.0   0.4   0.0   0.0   0.0
 0.0   0.0   0.1   0.0   0.0   0.9   0.8   0.0   |    0.0   1.8   0.5   0.7   0.1   3.2   0.0   0.2
 0.0   0.0   0.0   0.0   0.0   0.6   1.4   0.0   |    1.7   0.5   0.0   0.9   0.2   0.0   0.5   0.0
 0.0   0.0   0.0   0.0   0.1   0.0   0.0   0.0   |    1.6   0.1   0.0   0.0   0.0   0.1   0.2   0.0
