# H061 spec_m35
Date: 30 September 2026, 23:44

Frame: render/frames/CeramicGreen_V6_frame_089.png

| measure | 01a | mine | ratio mine / 01a |
|---|---|---|---|
| BRIGHT frac (>0.60) | 0.0027 | 0.0012 | 0.42 |
| BRIGHT blobs | 585.0000 | 192.0000 | 0.33 |
| BRIGHT mean area | 5.4051 | 6.9896 | 1.29 |
| BRIGHT p90 area | 6.0000 | 9.0000 | 1.50 |
| BRIGHT p99 area | 76.4400 | 117.3500 | 1.54 |
| BRIGHT frac>0.90 | 0.0007 | 0.0000 | 0.00 |
| GLINT frac | 0.0226 | 0.0113 | 0.50 |
| GLINT blobs | 3754.0000 | 2302.0000 | 0.61 |
| GLINT mean area | 7.0072 | 5.7007 | 0.81 |
| GLINT p90 area | 5.0000 | 6.0000 | 1.20 |
| GLINT p99 area | 54.2900 | 50.9600 | 0.94 |
| GLINT mean peak | 0.4956 | 0.4864 | 0.98 |
| GLINT whiteness | 0.8044 | 0.7149 | 0.89 |
| frac_lum>0.40 | 0.0979 | 0.0691 | 0.71 |
| frac_lum>0.50 | 0.0340 | 0.0104 | 0.31 |
| frac_lum>0.60 | 0.0122 | 0.0013 | 0.11 |
| frac_lum>0.75 | 0.0026 | 0.0001 | 0.03 |
| blobs | 5700.0000 | 1671.0000 | 0.29 |
| blob_mean_area | 6.9528 | 7.2747 | 1.05 |
| blob_area_p90 | 7.0000 | 9.0000 | 1.29 |
| whiteness_of_highlights | 0.7669 | 0.6996 | 0.91 |
| gx/gy_streakiness | 0.9544 | 1.0016 | 1.05 |
| mean_lum | 0.2306 | 0.2312 | 1.00 |
| p99 | 0.6196 | 0.5020 | 0.81 |
| p99.9 | 0.8850 | 0.6105 | 0.69 |

BRIGHT glint (>0.60) density per 8 x 8 cell, 01a (left) and mine (right), percent of the cell:
 0.1   0.0   0.0   0.3   0.0   0.0   0.0   0.3   |    0.0   0.0   0.0   0.2   0.0   0.0   0.0   0.0
 0.0   2.3   1.8   0.0   0.1   0.0   0.1   0.0   |    0.0   0.2   0.0   0.0   0.1   0.0   0.0   0.0
 0.0   1.3   2.8   2.3   0.0   0.1   0.0   0.0   |    0.0   0.9   0.1   0.0   0.0   0.0   0.0   0.1
 0.2   0.0   0.4   0.6   0.0   0.0   0.0   0.0   |    0.0   0.1   0.0   0.1   0.1   0.0   0.0   0.0
 0.0   0.1   0.0   0.3   0.1   0.1   0.0   0.1   |    0.0   2.0   0.4   0.0   0.1   0.0   0.4   0.0
 0.0   0.0   0.1   0.0   0.0   0.9   0.8   0.0   |    0.0   0.0   0.6   0.1   0.0   0.8   0.2   0.1
 0.0   0.0   0.0   0.0   0.0   0.6   1.4   0.0   |    0.0   0.4   0.0   0.0   0.0   0.0   0.1   0.0
 0.0   0.0   0.0   0.0   0.1   0.0   0.0   0.0   |    0.0   0.0   0.0   0.0   0.0   0.0   0.0   0.0
