# H048 gain025real
Date: 30 September 2026, 23:30

Frame: render/frames/CeramicGreen_V6_frame_076.png

| measure | 01a | mine | ratio mine / 01a |
|---|---|---|---|
| BRIGHT frac (>0.60) | 0.0027 | 0.0058 | 2.16 |
| BRIGHT blobs | 585.0000 | 432.0000 | 0.74 |
| BRIGHT mean area | 5.4051 | 15.7894 | 2.92 |
| BRIGHT p90 area | 6.0000 | 35.0000 | 5.83 |
| BRIGHT p99 area | 76.4400 | 178.2900 | 2.33 |
| BRIGHT frac>0.90 | 0.0007 | 0.0045 | 6.31 |
| GLINT frac | 0.0226 | 0.0135 | 0.60 |
| GLINT blobs | 3754.0000 | 2222.0000 | 0.59 |
| GLINT mean area | 7.0072 | 7.0635 | 1.01 |
| GLINT p90 area | 5.0000 | 9.0000 | 1.80 |
| GLINT p99 area | 54.2900 | 92.5800 | 1.71 |
| GLINT mean peak | 0.4956 | 0.5529 | 1.12 |
| GLINT whiteness | 0.8044 | 0.8067 | 1.00 |
| frac_lum>0.40 | 0.0979 | 0.0705 | 0.72 |
| frac_lum>0.50 | 0.0340 | 0.0191 | 0.56 |
| frac_lum>0.60 | 0.0122 | 0.0083 | 0.69 |
| frac_lum>0.75 | 0.0026 | 0.0059 | 2.24 |
| blobs | 5700.0000 | 3016.0000 | 0.53 |
| blob_mean_area | 6.9528 | 7.3903 | 1.06 |
| blob_area_p90 | 7.0000 | 11.0000 | 1.57 |
| whiteness_of_highlights | 0.7669 | 0.7779 | 1.01 |
| gx/gy_streakiness | 0.9544 | 1.0076 | 1.06 |
| mean_lum | 0.2306 | 0.2320 | 1.01 |
| p99 | 0.6196 | 0.5686 | 0.92 |
| p99.9 | 0.8850 | 1.0000 | 1.13 |

BRIGHT glint (>0.60) density per 8 x 8 cell, 01a (left) and mine (right), percent of the cell:
 0.1   0.0   0.0   0.3   0.0   0.0   0.0   0.3   |    0.3   0.0   0.0   0.1   0.1   0.1   0.3   0.0
 0.0   2.3   1.8   0.0   0.1   0.0   0.1   0.0   |    0.2   0.3   1.4   0.0   0.2   0.6   0.0   0.6
 0.0   1.3   2.8   2.3   0.0   0.1   0.0   0.0   |    0.2   0.5   0.6   0.5   1.3   1.5   0.4   0.0
 0.2   0.0   0.4   0.6   0.0   0.0   0.0   0.0   |    1.0   0.2   0.2   0.0   1.5   0.6   0.1   0.0
 0.0   0.1   0.0   0.3   0.1   0.1   0.0   0.1   |    0.1   0.1   1.2   3.6   1.1   0.0   0.8   0.3
 0.0   0.0   0.1   0.0   0.0   0.9   0.8   0.0   |    1.6   4.2   3.2   0.6   0.1   0.4   0.1   0.8
 0.0   0.0   0.0   0.0   0.0   0.6   1.4   0.0   |    1.2   0.4   0.6   1.0   0.0   0.1   0.6   0.2
 0.0   0.0   0.0   0.0   0.1   0.0   0.0   0.0   |    1.0   0.2   0.2   0.1   0.1   0.1   0.5   0.2
