# H020 bowl_forced_reload
Date: 30 September 2026, 22:43

Frame: render/frames/CeramicGreen_V6_frame_048.png

| measure | 01a | mine | ratio mine / 01a |
|---|---|---|---|
| BRIGHT frac (>0.60) | 0.0027 | 0.0024 | 0.89 |
| BRIGHT blobs | 585.0000 | 340.0000 | 0.58 |
| BRIGHT mean area | 5.4051 | 8.2765 | 1.53 |
| BRIGHT p90 area | 6.0000 | 18.1000 | 3.02 |
| BRIGHT p99 area | 76.4400 | 78.4400 | 1.03 |
| BRIGHT frac>0.90 | 0.0007 | 0.0014 | 1.96 |
| GLINT frac | 0.0226 | 0.0123 | 0.55 |
| GLINT blobs | 3754.0000 | 3473.0000 | 0.93 |
| GLINT mean area | 7.0072 | 4.1359 | 0.59 |
| GLINT p90 area | 5.0000 | 5.0000 | 1.00 |
| GLINT p99 area | 54.2900 | 36.2800 | 0.67 |
| GLINT mean peak | 0.4956 | 0.5070 | 1.02 |
| GLINT whiteness | 0.8044 | 0.7165 | 0.89 |
| frac_lum>0.40 | 0.0979 | 0.0699 | 0.71 |
| frac_lum>0.50 | 0.0340 | 0.0132 | 0.39 |
| frac_lum>0.60 | 0.0122 | 0.0052 | 0.43 |
| frac_lum>0.75 | 0.0026 | 0.0030 | 1.16 |
| blobs | 5700.0000 | 2649.0000 | 0.46 |
| blob_mean_area | 6.9528 | 5.7909 | 0.83 |
| blob_area_p90 | 7.0000 | 8.0000 | 1.14 |
| whiteness_of_highlights | 0.7669 | 0.7741 | 1.01 |
| gx/gy_streakiness | 0.9544 | 1.0047 | 1.05 |
| mean_lum | 0.2306 | 0.2415 | 1.05 |
| p99 | 0.6196 | 0.5203 | 0.84 |
| p99.9 | 0.8850 | 1.0000 | 1.13 |

BRIGHT glint (>0.60) density per 8 x 8 cell, 01a (left) and mine (right), percent of the cell:
 0.1   0.0   0.0   0.3   0.0   0.0   0.0   0.3   |    0.1   0.0   0.1   0.1   0.1   0.1   0.0   0.1
 0.0   2.3   1.8   0.0   0.1   0.0   0.1   0.0   |    0.0   0.1   0.0   0.1   0.2   0.0   0.0   0.3
 0.0   1.3   2.8   2.3   0.0   0.1   0.0   0.0   |    0.0   0.2   0.1   0.0   0.0   0.0   0.0   0.0
 0.2   0.0   0.4   0.6   0.0   0.0   0.0   0.0   |    0.0   0.4   0.0   0.0   1.6   0.1   0.0   0.0
 0.0   0.1   0.0   0.3   0.1   0.1   0.0   0.1   |    0.1   0.2   0.0   0.1   0.1   0.0   0.0   0.1
 0.0   0.0   0.1   0.0   0.0   0.9   0.8   0.0   |    0.0   2.5   0.5   2.5   0.0   0.3   0.0   0.0
 0.0   0.0   0.0   0.0   0.0   0.6   1.4   0.0   |    1.8   0.4   0.0   0.0   0.0   0.0   0.1   0.0
 0.0   0.0   0.0   0.0   0.1   0.0   0.0   0.0   |    2.0   0.8   0.1   0.0   0.0   0.0   0.0   0.0
