# H049 reinhard
Date: 30 September 2026, 23:33

Frame: render/frames/CeramicGreen_V6_frame_077.png

| measure | 01a | mine | ratio mine / 01a |
|---|---|---|---|
| BRIGHT frac (>0.60) | 0.0027 | 0.0053 | 1.94 |
| BRIGHT blobs | 585.0000 | 391.0000 | 0.67 |
| BRIGHT mean area | 5.4051 | 15.6829 | 2.90 |
| BRIGHT p90 area | 6.0000 | 38.0000 | 6.33 |
| BRIGHT p99 area | 76.4400 | 145.8000 | 1.91 |
| BRIGHT frac>0.90 | 0.0007 | 0.0017 | 2.45 |
| GLINT frac | 0.0226 | 0.0079 | 0.35 |
| GLINT blobs | 3754.0000 | 919.0000 | 0.24 |
| GLINT mean area | 7.0072 | 10.0337 | 1.43 |
| GLINT p90 area | 5.0000 | 20.2000 | 4.04 |
| GLINT p99 area | 54.2900 | 129.2000 | 2.38 |
| GLINT mean peak | 0.4956 | 0.6023 | 1.22 |
| GLINT whiteness | 0.8044 | 0.8759 | 1.09 |
| frac_lum>0.40 | 0.0979 | 0.0434 | 0.44 |
| frac_lum>0.50 | 0.0340 | 0.0101 | 0.30 |
| frac_lum>0.60 | 0.0122 | 0.0062 | 0.51 |
| frac_lum>0.75 | 0.0026 | 0.0042 | 1.60 |
| blobs | 5700.0000 | 1680.0000 | 0.29 |
| blob_mean_area | 6.9528 | 7.0143 | 1.01 |
| blob_area_p90 | 7.0000 | 13.0000 | 1.86 |
| whiteness_of_highlights | 0.7669 | 0.8520 | 1.11 |
| gx/gy_streakiness | 0.9544 | 1.0077 | 1.06 |
| mean_lum | 0.2306 | 0.2215 | 0.96 |
| p99 | 0.6196 | 0.5007 | 0.81 |
| p99.9 | 0.8850 | 0.9320 | 1.05 |

BRIGHT glint (>0.60) density per 8 x 8 cell, 01a (left) and mine (right), percent of the cell:
 0.1   0.0   0.0   0.3   0.0   0.0   0.0   0.3   |    0.2   0.0   0.0   0.1   0.0   0.1   0.2   0.0
 0.0   2.3   1.8   0.0   0.1   0.0   0.1   0.0   |    0.2   0.2   1.6   0.0   0.1   0.5   0.0   0.5
 0.0   1.3   2.8   2.3   0.0   0.1   0.0   0.0   |    0.2   0.4   0.6   0.4   1.2   1.3   0.3   0.0
 0.2   0.0   0.4   0.6   0.0   0.0   0.0   0.0   |    0.9   0.2   0.2   0.0   1.4   0.5   0.1   0.0
 0.0   0.1   0.0   0.3   0.1   0.1   0.0   0.1   |    0.1   0.1   1.1   3.4   0.9   0.0   0.7   0.3
 0.0   0.0   0.1   0.0   0.0   0.9   0.8   0.0   |    1.4   3.9   2.9   0.5   0.1   0.4   0.1   0.7
 0.0   0.0   0.0   0.0   0.0   0.6   1.4   0.0   |    1.2   0.3   0.5   0.9   0.0   0.0   0.6   0.2
 0.0   0.0   0.0   0.0   0.1   0.0   0.0   0.0   |    0.9   0.2   0.2   0.0   0.1   0.0   0.5   0.2
