# H063 spec_a25_e10
Date: 30 September 2026, 23:46

Frame: render/frames/CeramicGreen_V6_frame_091.png

| measure | 01a | mine | ratio mine / 01a |
|---|---|---|---|
| BRIGHT frac (>0.60) | 0.0027 | 0.0187 | 6.91 |
| BRIGHT blobs | 585.0000 | 552.0000 | 0.94 |
| BRIGHT mean area | 5.4051 | 39.5616 | 7.32 |
| BRIGHT p90 area | 6.0000 | 78.9000 | 13.15 |
| BRIGHT p99 area | 76.4400 | 691.9400 | 9.05 |
| BRIGHT frac>0.90 | 0.0007 | 0.0010 | 1.47 |
| GLINT frac | 0.0226 | 0.0281 | 1.25 |
| GLINT blobs | 3754.0000 | 2257.0000 | 0.60 |
| GLINT mean area | 7.0072 | 14.5171 | 2.07 |
| GLINT p90 area | 5.0000 | 9.0000 | 1.80 |
| GLINT p99 area | 54.2900 | 299.6000 | 5.52 |
| GLINT mean peak | 0.4956 | 0.5272 | 1.06 |
| GLINT whiteness | 0.8044 | 0.8467 | 1.05 |
| frac_lum>0.40 | 0.0979 | 0.0888 | 0.91 |
| frac_lum>0.50 | 0.0340 | 0.0316 | 0.93 |
| frac_lum>0.60 | 0.0122 | 0.0211 | 1.74 |
| frac_lum>0.75 | 0.0026 | 0.0155 | 5.88 |
| blobs | 5700.0000 | 2394.0000 | 0.42 |
| blob_mean_area | 6.9528 | 15.3935 | 2.21 |
| blob_area_p90 | 7.0000 | 14.7000 | 2.10 |
| whiteness_of_highlights | 0.7669 | 0.8468 | 1.10 |
| gx/gy_streakiness | 0.9544 | 0.9690 | 1.02 |
| mean_lum | 0.2306 | 0.2424 | 1.05 |
| p99 | 0.6196 | 0.8222 | 1.33 |
| p99.9 | 0.8850 | 0.9046 | 1.02 |

BRIGHT glint (>0.60) density per 8 x 8 cell, 01a (left) and mine (right), percent of the cell:
 0.1   0.0   0.0   0.3   0.0   0.0   0.0   0.3   |    0.1   0.1   0.0   1.9   0.6   0.2   0.9   0.0
 0.0   2.3   1.8   0.0   0.1   0.0   0.1   0.0   |    0.1   3.8   0.0   0.0   0.1   0.9   0.9   0.0
 0.0   1.3   2.8   2.3   0.0   0.1   0.0   0.0   |    1.6   6.1   1.5   0.4   0.2   1.2   1.5   2.4
 0.2   0.0   0.4   0.6   0.0   0.0   0.0   0.0   |    6.4   1.7   0.7   1.6   4.7   1.8   0.3   0.2
 0.0   0.1   0.0   0.3   0.1   0.1   0.0   0.1   |    0.7  11.7   3.0   1.5   2.9   0.7   3.0   1.4
 0.0   0.0   0.1   0.0   0.0   0.9   0.8   0.0   |    1.3   2.4  13.0   2.7   1.8   3.7   2.3   2.9
 0.0   0.0   0.0   0.0   0.0   0.6   1.4   0.0   |    0.0  10.7   1.8   0.9   0.2   0.0   3.1   0.7
 0.0   0.0   0.0   0.0   0.1   0.0   0.0   0.0   |    0.1   0.6   0.5   0.5   0.3   2.0   0.6   1.1
