# H051 reinhard_k46_t46
Date: 30 September 2026, 23:34

Frame: render/frames/CeramicGreen_V6_frame_079.png

| measure | 01a | mine | ratio mine / 01a |
|---|---|---|---|
| BRIGHT frac (>0.60) | 0.0027 | 0.0054 | 1.99 |
| BRIGHT blobs | 585.0000 | 404.0000 | 0.69 |
| BRIGHT mean area | 5.4051 | 15.6089 | 2.89 |
| BRIGHT p90 area | 6.0000 | 37.7000 | 6.28 |
| BRIGHT p99 area | 76.4400 | 142.9400 | 1.87 |
| BRIGHT frac>0.90 | 0.0007 | 0.0018 | 2.49 |
| GLINT frac | 0.0226 | 0.0114 | 0.51 |
| GLINT blobs | 3754.0000 | 1792.0000 | 0.48 |
| GLINT mean area | 7.0072 | 7.4503 | 1.06 |
| GLINT p90 area | 5.0000 | 11.0000 | 2.20 |
| GLINT p99 area | 54.2900 | 113.4500 | 2.09 |
| GLINT mean peak | 0.4956 | 0.5388 | 1.09 |
| GLINT whiteness | 0.8044 | 0.8085 | 1.01 |
| frac_lum>0.40 | 0.0979 | 0.0709 | 0.72 |
| frac_lum>0.50 | 0.0340 | 0.0143 | 0.42 |
| frac_lum>0.60 | 0.0122 | 0.0066 | 0.54 |
| frac_lum>0.75 | 0.0026 | 0.0043 | 1.64 |
| blobs | 5700.0000 | 2269.0000 | 0.40 |
| blob_mean_area | 6.9528 | 7.3702 | 1.06 |
| blob_area_p90 | 7.0000 | 13.0000 | 1.86 |
| whiteness_of_highlights | 0.7669 | 0.7908 | 1.03 |
| gx/gy_streakiness | 0.9544 | 1.0076 | 1.06 |
| mean_lum | 0.2306 | 0.2413 | 1.05 |
| p99 | 0.6196 | 0.5307 | 0.86 |
| p99.9 | 0.8850 | 0.9320 | 1.05 |

BRIGHT glint (>0.60) density per 8 x 8 cell, 01a (left) and mine (right), percent of the cell:
 0.1   0.0   0.0   0.3   0.0   0.0   0.0   0.3   |    0.2   0.0   0.0   0.1   0.1   0.1   0.3   0.0
 0.0   2.3   1.8   0.0   0.1   0.0   0.1   0.0   |    0.2   0.2   1.8   0.0   0.1   0.6   0.0   0.5
 0.0   1.3   2.8   2.3   0.0   0.1   0.0   0.0   |    0.2   0.4   0.6   0.4   1.2   1.3   0.3   0.0
 0.2   0.0   0.4   0.6   0.0   0.0   0.0   0.0   |    1.0   0.2   0.2   0.0   1.4   0.5   0.1   0.0
 0.0   0.1   0.0   0.3   0.1   0.1   0.0   0.1   |    0.1   0.1   1.1   3.4   0.9   0.0   0.7   0.3
 0.0   0.0   0.1   0.0   0.0   0.9   0.8   0.0   |    1.4   4.0   2.9   0.5   0.0   0.4   0.1   0.7
 0.0   0.0   0.0   0.0   0.0   0.6   1.4   0.0   |    1.2   0.3   0.5   0.9   0.0   0.1   0.6   0.2
 0.0   0.0   0.0   0.0   0.1   0.0   0.0   0.0   |    0.9   0.2   0.2   0.0   0.1   0.1   0.5   0.2
