# H013 bright_baseline_042
Date: 30 September 2026, 22:28

Frame: render/frames/CeramicGreen_V6_frame_042.png

| measure | 01a | mine | ratio mine / 01a |
|---|---|---|---|
| BRIGHT frac (>0.60) | 0.0027 | 0.0140 | 5.15 |
| BRIGHT blobs | 585.0000 | 3356.0000 | 5.74 |
| BRIGHT mean area | 5.4051 | 4.8513 | 0.90 |
| BRIGHT p90 area | 6.0000 | 10.0000 | 1.67 |
| BRIGHT p99 area | 76.4400 | 38.0000 | 0.50 |
| BRIGHT frac>0.90 | 0.0007 | 0.0056 | 7.92 |
| GLINT frac | 0.0226 | 0.0251 | 1.11 |
| GLINT blobs | 3754.0000 | 4953.0000 | 1.32 |
| GLINT mean area | 7.0072 | 5.9011 | 0.84 |
| GLINT p90 area | 5.0000 | 11.0000 | 2.20 |
| GLINT p99 area | 54.2900 | 54.0000 | 0.99 |
| GLINT mean peak | 0.4956 | 0.6916 | 1.40 |
| GLINT whiteness | 0.8044 | 0.8704 | 1.08 |
| frac_lum>0.40 | 0.0979 | 0.0557 | 0.57 |
| frac_lum>0.50 | 0.0340 | 0.0253 | 0.75 |
| frac_lum>0.60 | 0.0122 | 0.0164 | 1.35 |
| frac_lum>0.75 | 0.0026 | 0.0099 | 3.78 |
| blobs | 5700.0000 | 5733.0000 | 1.01 |
| blob_mean_area | 6.9528 | 5.1554 | 0.74 |
| blob_area_p90 | 7.0000 | 10.0000 | 1.43 |
| whiteness_of_highlights | 0.7669 | 0.8702 | 1.13 |
| gx/gy_streakiness | 0.9544 | 0.9991 | 1.05 |
| mean_lum | 0.2306 | 0.2160 | 0.94 |
| p99 | 0.6196 | 0.7477 | 1.21 |
| p99.9 | 0.8850 | 1.0000 | 1.13 |

BRIGHT glint (>0.60) density per 8 x 8 cell, 01a (left) and mine (right), percent of the cell:
 0.1   0.0   0.0   0.3   0.0   0.0   0.0   0.3   |    0.7   0.6   0.3   1.5   0.3   0.5   0.5   0.1
 0.0   2.3   1.8   0.0   0.1   0.0   0.1   0.0   |    0.9   0.8   5.3   0.4   0.1   1.3   0.0   0.0
 0.0   1.3   2.8   2.3   0.0   0.1   0.0   0.0   |    1.6   4.5   3.7   3.1   5.0   3.9   0.3   0.1
 0.2   0.0   0.4   0.6   0.0   0.0   0.0   0.0   |    0.7   3.6   3.8   2.6   6.9   1.6   0.3   0.3
 0.0   0.1   0.0   0.3   0.1   0.1   0.0   0.1   |    0.3   0.5   2.3   7.1   3.6   0.6   2.9   0.4
 0.0   0.0   0.1   0.0   0.0   0.9   0.8   0.0   |    0.6   1.9   1.5   0.6   1.3   1.2   0.5   0.1
 0.0   0.0   0.0   0.0   0.0   0.6   1.4   0.0   |    1.5   1.0   0.3   0.7   0.2   0.0   0.5   0.5
 0.0   0.0   0.0   0.0   0.1   0.0   0.0   0.0   |    1.0   0.3   0.1   0.1   0.2   0.4   1.3   0.4
