# H035 micro0
Date: 30 September 2026, 23:14

Frame: render/frames/CeramicGreen_V6_frame_063.png

| measure | 01a | mine | ratio mine / 01a |
|---|---|---|---|
| BRIGHT frac (>0.60) | 0.0027 | 0.0036 | 1.32 |
| BRIGHT blobs | 585.0000 | 436.0000 | 0.75 |
| BRIGHT mean area | 5.4051 | 9.5528 | 1.77 |
| BRIGHT p90 area | 6.0000 | 20.0000 | 3.33 |
| BRIGHT p99 area | 76.4400 | 76.6500 | 1.00 |
| BRIGHT frac>0.90 | 0.0007 | 0.0021 | 2.93 |
| GLINT frac | 0.0226 | 0.0153 | 0.68 |
| GLINT blobs | 3754.0000 | 2867.0000 | 0.76 |
| GLINT mean area | 7.0072 | 6.2435 | 0.89 |
| GLINT p90 area | 5.0000 | 7.0000 | 1.40 |
| GLINT p99 area | 54.2900 | 52.0000 | 0.96 |
| GLINT mean peak | 0.4956 | 0.5288 | 1.07 |
| GLINT whiteness | 0.8044 | 0.7423 | 0.92 |
| frac_lum>0.40 | 0.0979 | 0.0826 | 0.84 |
| frac_lum>0.50 | 0.0340 | 0.0210 | 0.62 |
| frac_lum>0.60 | 0.0122 | 0.0066 | 0.54 |
| frac_lum>0.75 | 0.0026 | 0.0034 | 1.28 |
| blobs | 5700.0000 | 3785.0000 | 0.66 |
| blob_mean_area | 6.9528 | 6.4798 | 0.93 |
| blob_area_p90 | 7.0000 | 9.0000 | 1.29 |
| whiteness_of_highlights | 0.7669 | 0.7334 | 0.96 |
| gx/gy_streakiness | 0.9544 | 0.9984 | 1.05 |
| mean_lum | 0.2306 | 0.2340 | 1.01 |
| p99 | 0.6196 | 0.5569 | 0.90 |
| p99.9 | 0.8850 | 1.0000 | 1.13 |

BRIGHT glint (>0.60) density per 8 x 8 cell, 01a (left) and mine (right), percent of the cell:
 0.1   0.0   0.0   0.3   0.0   0.0   0.0   0.3   |    0.3   0.0   0.0   0.2   0.1   0.1   0.0   0.0
 0.0   2.3   1.8   0.0   0.1   0.0   0.1   0.0   |    0.2   0.8   3.8   0.0   0.2   0.3   0.0   0.2
 0.0   1.3   2.8   2.3   0.0   0.1   0.0   0.0   |    0.2   0.5   0.7   0.4   0.9   0.7   0.1   0.0
 0.2   0.0   0.4   0.6   0.0   0.0   0.0   0.0   |    0.2   0.2   0.3   0.0   0.8   0.1   0.0   0.1
 0.0   0.1   0.0   0.3   0.1   0.1   0.0   0.1   |    0.0   0.0   0.6   2.9   0.2   0.0   0.4   0.1
 0.0   0.0   0.1   0.0   0.0   0.9   0.8   0.0   |    0.6   1.1   1.0   0.2   0.0   0.3   0.3   0.8
 0.0   0.0   0.0   0.0   0.0   0.6   1.4   0.0   |    0.4   0.0   0.3   0.4   0.0   0.0   0.8   0.2
 0.0   0.0   0.0   0.0   0.1   0.0   0.0   0.0   |    0.3   0.0   0.1   0.1   0.0   0.1   0.5   0.1
