# H039 dome45
Date: 30 September 2026, 23:22

Frame: render/frames/CeramicGreen_V6_frame_067.png

| measure | 01a | mine | ratio mine / 01a |
|---|---|---|---|
| BRIGHT frac (>0.60) | 0.0027 | 0.0040 | 1.46 |
| BRIGHT blobs | 585.0000 | 523.0000 | 0.89 |
| BRIGHT mean area | 5.4051 | 8.8298 | 1.63 |
| BRIGHT p90 area | 6.0000 | 19.0000 | 3.17 |
| BRIGHT p99 area | 76.4400 | 66.4600 | 0.87 |
| BRIGHT frac>0.90 | 0.0007 | 0.0023 | 3.24 |
| GLINT frac | 0.0226 | 0.0165 | 0.73 |
| GLINT blobs | 3754.0000 | 3104.0000 | 0.83 |
| GLINT mean area | 7.0072 | 6.2178 | 0.89 |
| GLINT p90 area | 5.0000 | 8.0000 | 1.60 |
| GLINT p99 area | 54.2900 | 48.9400 | 0.90 |
| GLINT mean peak | 0.4956 | 0.5339 | 1.08 |
| GLINT whiteness | 0.8044 | 0.7460 | 0.93 |
| frac_lum>0.40 | 0.0979 | 0.0863 | 0.88 |
| frac_lum>0.50 | 0.0340 | 0.0223 | 0.66 |
| frac_lum>0.60 | 0.0122 | 0.0070 | 0.58 |
| frac_lum>0.75 | 0.0026 | 0.0037 | 1.40 |
| blobs | 5700.0000 | 3989.0000 | 0.70 |
| blob_mean_area | 6.9528 | 6.5277 | 0.94 |
| blob_area_p90 | 7.0000 | 9.0000 | 1.29 |
| whiteness_of_highlights | 0.7669 | 0.7367 | 0.96 |
| gx/gy_streakiness | 0.9544 | 0.9974 | 1.05 |
| mean_lum | 0.2306 | 0.2404 | 1.04 |
| p99 | 0.6196 | 0.5634 | 0.91 |
| p99.9 | 0.8850 | 1.0000 | 1.13 |

BRIGHT glint (>0.60) density per 8 x 8 cell, 01a (left) and mine (right), percent of the cell:
 0.1   0.0   0.0   0.3   0.0   0.0   0.0   0.3   |    0.4   0.0   0.0   0.1   0.1   0.1   0.1   0.0
 0.0   2.3   1.8   0.0   0.1   0.0   0.1   0.0   |    0.2   0.8   3.9   0.0   0.2   0.3   0.0   0.5
 0.0   1.3   2.8   2.3   0.0   0.1   0.0   0.0   |    0.2   0.7   0.7   0.4   1.0   0.8   0.1   0.0
 0.2   0.0   0.4   0.6   0.0   0.0   0.0   0.0   |    0.4   0.2   0.3   0.0   0.8   0.1   0.0   0.0
 0.0   0.1   0.0   0.3   0.1   0.1   0.0   0.1   |    0.0   0.0   0.7   3.0   0.3   0.0   0.6   0.2
 0.0   0.0   0.1   0.0   0.0   0.9   0.8   0.0   |    0.5   1.3   1.0   0.2   0.0   0.5   0.2   0.7
 0.0   0.0   0.0   0.0   0.0   0.6   1.4   0.0   |    0.4   0.1   0.3   0.4   0.0   0.0   0.8   0.1
 0.0   0.0   0.0   0.0   0.1   0.0   0.0   0.0   |    0.3   0.1   0.1   0.1   0.0   0.1   0.5   0.1
