# H066 cut_v12_full
Date: 30 September 2026, 23:59

Frame: render/frames/CeramicGreen_V6_frame_099_full1920.png

| measure | 01a | mine | ratio mine / 01a |
|---|---|---|---|
| BRIGHT frac (>0.60) | 0.0027 | 0.0048 | 1.77 |
| BRIGHT blobs | 585.0000 | 400.0000 | 0.68 |
| BRIGHT mean area | 5.4051 | 14.0200 | 2.59 |
| BRIGHT p90 area | 6.0000 | 29.1000 | 4.85 |
| BRIGHT p99 area | 76.4400 | 240.0300 | 3.14 |
| BRIGHT frac>0.90 | 0.0007 | 0.0000 | 0.06 |
| GLINT frac | 0.0226 | 0.0157 | 0.70 |
| GLINT blobs | 3754.0000 | 4012.0000 | 1.07 |
| GLINT mean area | 7.0072 | 4.5760 | 0.65 |
| GLINT p90 area | 5.0000 | 4.0000 | 0.80 |
| GLINT p99 area | 54.2900 | 46.3400 | 0.85 |
| GLINT mean peak | 0.4956 | 0.4973 | 1.00 |
| GLINT whiteness | 0.8044 | 0.7348 | 0.91 |
| frac_lum>0.40 | 0.0979 | 0.1011 | 1.03 |
| frac_lum>0.50 | 0.0340 | 0.0338 | 1.00 |
| frac_lum>0.60 | 0.0122 | 0.0108 | 0.89 |
| frac_lum>0.75 | 0.0026 | 0.0038 | 1.44 |
| blobs | 5700.0000 | 13709.0000 | 2.41 |
| blob_mean_area | 6.9528 | 2.8767 | 0.41 |
| blob_area_p90 | 7.0000 | 2.0000 | 0.29 |
| whiteness_of_highlights | 0.7669 | 0.7090 | 0.92 |
| gx/gy_streakiness | 0.9544 | 0.9898 | 1.04 |
| mean_lum | 0.2306 | 0.2454 | 1.06 |
| p99 | 0.6196 | 0.6026 | 0.97 |
| p99.9 | 0.8850 | 0.8209 | 0.93 |

BRIGHT glint (>0.60) density per 8 x 8 cell, 01a (left) and mine (right), percent of the cell:
 0.1   0.0   0.0   0.3   0.0   0.0   0.0   0.3   |    0.0   0.0   0.0   0.7   0.1   0.0   0.1   0.0
 0.0   2.3   1.8   0.0   0.1   0.0   0.1   0.0   |    0.0   1.0   0.0   0.0   0.0   0.2   0.3   0.0
 0.0   1.3   2.8   2.3   0.0   0.1   0.0   0.0   |    0.2   1.6   0.3   0.1   0.0   0.0   0.4   0.9
 0.2   0.0   0.4   0.6   0.0   0.0   0.0   0.0   |    0.9   0.3   0.1   0.3   0.8   0.3   0.0   0.0
 0.0   0.1   0.0   0.3   0.1   0.1   0.0   0.1   |    0.1   4.6   1.1   0.2   0.7   0.2   1.2   0.1
 0.0   0.0   0.1   0.0   0.0   0.9   0.8   0.0   |    0.0   0.6   3.0   0.7   0.3   1.6   0.4   0.4
 0.0   0.0   0.0   0.0   0.0   0.6   1.4   0.0   |    0.0   4.4   0.3   0.3   0.0   0.0   0.7   0.1
 0.0   0.0   0.0   0.0   0.1   0.0   0.0   0.0   |    0.0   0.1   0.0   0.0   0.0   0.4   0.2   0.0
