# H064 spec_a25_em04
Date: 30 September 2026, 23:46

Frame: render/frames/CeramicGreen_V6_frame_092.png

| measure | 01a | mine | ratio mine / 01a |
|---|---|---|---|
| BRIGHT frac (>0.60) | 0.0027 | 0.0145 | 5.34 |
| BRIGHT blobs | 585.0000 | 507.0000 | 0.87 |
| BRIGHT mean area | 5.4051 | 33.3116 | 6.16 |
| BRIGHT p90 area | 6.0000 | 53.4000 | 8.90 |
| BRIGHT p99 area | 76.4400 | 615.7600 | 8.06 |
| BRIGHT frac>0.90 | 0.0007 | 0.0000 | 0.00 |
| GLINT frac | 0.0226 | 0.0265 | 1.18 |
| GLINT blobs | 3754.0000 | 2472.0000 | 0.66 |
| GLINT mean area | 7.0072 | 12.5214 | 1.79 |
| GLINT p90 area | 5.0000 | 7.0000 | 1.40 |
| GLINT p99 area | 54.2900 | 257.5800 | 4.74 |
| GLINT mean peak | 0.4956 | 0.5015 | 1.01 |
| GLINT whiteness | 0.8044 | 0.8207 | 1.02 |
| frac_lum>0.40 | 0.0979 | 0.0880 | 0.90 |
| frac_lum>0.50 | 0.0340 | 0.0275 | 0.81 |
| frac_lum>0.60 | 0.0122 | 0.0155 | 1.27 |
| frac_lum>0.75 | 0.0026 | 0.0012 | 0.46 |
| blobs | 5700.0000 | 2091.0000 | 0.37 |
| blob_mean_area | 6.9528 | 15.3333 | 2.21 |
| blob_area_p90 | 7.0000 | 16.0000 | 2.29 |
| whiteness_of_highlights | 0.7669 | 0.8174 | 1.07 |
| gx/gy_streakiness | 0.9544 | 0.9803 | 1.03 |
| mean_lum | 0.2306 | 0.2392 | 1.04 |
| p99 | 0.6196 | 0.6641 | 1.07 |
| p99.9 | 0.8850 | 0.7791 | 0.88 |

BRIGHT glint (>0.60) density per 8 x 8 cell, 01a (left) and mine (right), percent of the cell:
 0.1   0.0   0.0   0.3   0.0   0.0   0.0   0.3   |    0.0   0.0   0.0   1.4   0.2   0.1   0.7   0.0
 0.0   2.3   1.8   0.0   0.1   0.0   0.1   0.0   |    0.0   3.5   0.0   0.0   0.1   0.7   0.6   0.0
 0.0   1.3   2.8   2.3   0.0   0.1   0.0   0.0   |    1.0   5.3   1.2   0.3   0.0   0.6   1.0   2.0
 0.2   0.0   0.4   0.6   0.0   0.0   0.0   0.0   |    5.2   1.0   0.4   1.2   3.9   1.0   0.0   0.1
 0.0   0.1   0.0   0.3   0.1   0.1   0.0   0.1   |    0.4  10.2   2.6   0.6   2.1   0.5   2.6   0.6
 0.0   0.0   0.1   0.0   0.0   0.9   0.8   0.0   |    0.6   1.7  10.4   2.2   1.4   3.4   2.0   2.3
 0.0   0.0   0.0   0.0   0.0   0.6   1.4   0.0   |    0.0   9.1   1.2   0.6   0.0   0.0   2.6   0.5
 0.0   0.0   0.0   0.0   0.1   0.0   0.0   0.0   |    0.0   0.4   0.3   0.3   0.1   1.0   0.3   0.7
