# H014 micro004_brightcal
Date: 30 September 2026, 22:29

Frame: render/frames/CeramicGreen_V6_frame_043.png

| measure | 01a | mine | ratio mine / 01a |
|---|---|---|---|
| BRIGHT frac (>0.60) | 0.0027 | 0.0067 | 2.49 |
| BRIGHT blobs | 585.0000 | 773.0000 | 1.32 |
| BRIGHT mean area | 5.4051 | 10.1850 | 1.88 |
| BRIGHT p90 area | 6.0000 | 18.0000 | 3.00 |
| BRIGHT p99 area | 76.4400 | 99.2400 | 1.30 |
| BRIGHT frac>0.90 | 0.0007 | 0.0035 | 4.98 |
| GLINT frac | 0.0226 | 0.0125 | 0.55 |
| GLINT blobs | 3754.0000 | 1678.0000 | 0.45 |
| GLINT mean area | 7.0072 | 8.6591 | 1.24 |
| GLINT p90 area | 5.0000 | 13.0000 | 2.60 |
| GLINT p99 area | 54.2900 | 128.4600 | 2.37 |
| GLINT mean peak | 0.4956 | 0.6181 | 1.25 |
| GLINT whiteness | 0.8044 | 0.8588 | 1.07 |
| frac_lum>0.40 | 0.0979 | 0.0402 | 0.41 |
| frac_lum>0.50 | 0.0340 | 0.0134 | 0.40 |
| frac_lum>0.60 | 0.0122 | 0.0084 | 0.69 |
| frac_lum>0.75 | 0.0026 | 0.0054 | 2.07 |
| blobs | 5700.0000 | 2308.0000 | 0.40 |
| blob_mean_area | 6.9528 | 6.7946 | 0.98 |
| blob_area_p90 | 7.0000 | 11.0000 | 1.57 |
| whiteness_of_highlights | 0.7669 | 0.8556 | 1.12 |
| gx/gy_streakiness | 0.9544 | 0.9989 | 1.05 |
| mean_lum | 0.2306 | 0.2087 | 0.91 |
| p99 | 0.6196 | 0.5542 | 0.89 |
| p99.9 | 0.8850 | 1.0000 | 1.13 |

BRIGHT glint (>0.60) density per 8 x 8 cell, 01a (left) and mine (right), percent of the cell:
 0.1   0.0   0.0   0.3   0.0   0.0   0.0   0.3   |    0.3   0.0   0.1   0.6   0.0   0.2   0.4   0.0
 0.0   2.3   1.8   0.0   0.1   0.0   0.1   0.0   |    0.1   0.2   3.8   0.2   0.2   0.9   0.0   0.1
 0.0   1.3   2.8   2.3   0.0   0.1   0.0   0.0   |    0.2   2.9   1.4   1.3   1.4   2.3   0.1   0.0
 0.2   0.0   0.4   0.6   0.0   0.0   0.0   0.0   |    0.6   1.2   0.8   0.6   3.4   0.1   0.0   0.1
 0.0   0.1   0.0   0.3   0.1   0.1   0.0   0.1   |    0.2   0.1   1.4   4.5   1.1   0.0   0.2   0.2
 0.0   0.0   0.1   0.0   0.0   0.9   0.8   0.0   |    0.9   2.6   2.2   0.2   0.2   0.2   0.1   0.0
 0.0   0.0   0.0   0.0   0.0   0.6   1.4   0.0   |    1.0   1.0   0.1   0.7   0.2   0.0   0.2   0.3
 0.0   0.0   0.0   0.0   0.1   0.0   0.0   0.0   |    0.8   0.1   0.2   0.1   0.0   0.1   0.3   0.2
