# H021 dish_reaches_height
Date: 30 September 2026, 22:44

Frame: render/frames/CeramicGreen_V6_frame_049.png

| measure | 01a | mine | ratio mine / 01a |
|---|---|---|---|
| BRIGHT frac (>0.60) | 0.0027 | 0.0023 | 0.83 |
| BRIGHT blobs | 585.0000 | 325.0000 | 0.56 |
| BRIGHT mean area | 5.4051 | 8.1169 | 1.50 |
| BRIGHT p90 area | 6.0000 | 20.0000 | 3.33 |
| BRIGHT p99 area | 76.4400 | 77.3600 | 1.01 |
| BRIGHT frac>0.90 | 0.0007 | 0.0013 | 1.90 |
| GLINT frac | 0.0226 | 0.0122 | 0.54 |
| GLINT blobs | 3754.0000 | 3447.0000 | 0.92 |
| GLINT mean area | 7.0072 | 4.1340 | 0.59 |
| GLINT p90 area | 5.0000 | 5.0000 | 1.00 |
| GLINT p99 area | 54.2900 | 37.0000 | 0.68 |
| GLINT mean peak | 0.4956 | 0.5057 | 1.02 |
| GLINT whiteness | 0.8044 | 0.7118 | 0.88 |
| frac_lum>0.40 | 0.0979 | 0.0695 | 0.71 |
| frac_lum>0.50 | 0.0340 | 0.0130 | 0.38 |
| frac_lum>0.60 | 0.0122 | 0.0050 | 0.41 |
| frac_lum>0.75 | 0.0026 | 0.0030 | 1.14 |
| blobs | 5700.0000 | 2648.0000 | 0.46 |
| blob_mean_area | 6.9528 | 5.7360 | 0.82 |
| blob_area_p90 | 7.0000 | 8.0000 | 1.14 |
| whiteness_of_highlights | 0.7669 | 0.7724 | 1.01 |
| gx/gy_streakiness | 0.9544 | 1.0051 | 1.05 |
| mean_lum | 0.2306 | 0.2412 | 1.05 |
| p99 | 0.6196 | 0.5190 | 0.84 |
| p99.9 | 0.8850 | 1.0000 | 1.13 |

BRIGHT glint (>0.60) density per 8 x 8 cell, 01a (left) and mine (right), percent of the cell:
 0.1   0.0   0.0   0.3   0.0   0.0   0.0   0.3   |    0.1   0.0   0.1   0.1   0.1   0.0   0.0   0.0
 0.0   2.3   1.8   0.0   0.1   0.0   0.1   0.0   |    0.0   0.1   0.0   0.1   0.2   0.0   0.0   0.3
 0.0   1.3   2.8   2.3   0.0   0.1   0.0   0.0   |    0.0   0.1   0.1   0.0   0.0   0.0   0.0   0.0
 0.2   0.0   0.4   0.6   0.0   0.0   0.0   0.0   |    0.0   0.3   0.0   0.0   1.7   0.1   0.0   0.0
 0.0   0.1   0.0   0.3   0.1   0.1   0.0   0.1   |    0.1   0.2   0.0   0.0   0.1   0.0   0.0   0.2
 0.0   0.0   0.1   0.0   0.0   0.9   0.8   0.0   |    0.0   2.0   0.5   1.2   0.0   0.3   0.0   0.0
 0.0   0.0   0.0   0.0   0.0   0.6   1.4   0.0   |    1.8   0.5   0.0   0.1   1.1   0.0   0.1   0.0
 0.0   0.0   0.0   0.0   0.1   0.0   0.0   0.0   |    1.8   0.6   0.1   0.0   0.0   0.0   0.0   0.0
