# H009 reflect_softness04
Date: 30 September 2026, 22:17

Frame: render/frames/CeramicGreen_V6_frame_039.png

| measure | 01a | mine | ratio mine / 01a |
|---|---|---|---|
| GLINT frac | 0.0226 | 0.0775 | 3.43 |
| GLINT blobs | 3754.0000 | 7032.0000 | 1.87 |
| GLINT mean area | 7.0072 | 12.8467 | 1.83 |
| GLINT p90 area | 5.0000 | 18.0000 | 3.60 |
| GLINT p99 area | 54.2900 | 156.0000 | 2.87 |
| GLINT mean peak | 0.4956 | 0.7141 | 1.44 |
| GLINT whiteness | 0.8044 | 0.9179 | 1.14 |
| frac_lum>0.40 | 0.0979 | 0.1330 | 1.36 |
| frac_lum>0.50 | 0.0340 | 0.0808 | 2.38 |
| frac_lum>0.60 | 0.0122 | 0.0597 | 4.90 |
| frac_lum>0.75 | 0.0026 | 0.0424 | 16.13 |
| blobs | 5700.0000 | 8122.0000 | 1.42 |
| blob_mean_area | 6.9528 | 11.6054 | 1.67 |
| blob_area_p90 | 7.0000 | 18.0000 | 2.57 |
| whiteness_of_highlights | 0.7669 | 0.9214 | 1.20 |
| gx/gy_streakiness | 0.9544 | 1.0048 | 1.05 |
| mean_lum | 0.2306 | 0.2679 | 1.16 |
| p99 | 0.6196 | 1.0000 | 1.61 |
| p99.9 | 0.8850 | 1.0000 | 1.13 |

Glint density per 8 x 8 cell, 01a (left) and mine (right), percent of the cell:
 0.3   0.3   2.7   0.6   0.0   0.1   0.0   0.3   |    3.9   3.8   1.6   6.5   2.6   4.5   5.8   0.8
 0.5  18.6  10.2   5.1   1.2   0.3   0.1   0.0   |    5.2  15.9  20.0   5.4   1.5   6.8   0.8   1.9
 0.2  12.0   7.0  20.5  11.8   0.8   0.1   0.0   |    8.6  16.5  22.3  15.1  15.9  14.4   3.7   1.1
 1.2   0.7   5.0  11.3   1.5   4.2   0.1   0.1   |    4.8  13.8  17.2  12.8  22.4   8.9   1.7   3.0
 0.0   1.2   2.0   4.6   1.6   3.4   2.5   0.4   |    5.1   4.4   9.5  23.9  12.5   3.8   9.6   3.4
 0.4   0.1   2.1   0.4   0.6   2.2   1.2   0.7   |    9.5  27.0  10.3   6.1   5.7   5.7   3.2   1.6
 0.0   0.4   0.0   0.2   0.0   1.0   2.4   0.0   |   15.6  10.8   4.3   6.0   3.2   0.9   3.8   2.2
 0.0   0.0   0.0   0.0   0.2   0.0   0.0   0.0   |   10.2   3.7   2.8   1.7   2.6   3.8   8.4   5.2
