# H034 gain07spp128
Date: 30 September 2026, 23:12

Frame: render/frames/CeramicGreen_V6_frame_062.png

| measure | 01a | mine | ratio mine / 01a |
|---|---|---|---|
| BRIGHT frac (>0.60) | 0.0027 | 0.0037 | 1.36 |
| BRIGHT blobs | 585.0000 | 491.0000 | 0.84 |
| BRIGHT mean area | 5.4051 | 8.7556 | 1.62 |
| BRIGHT p90 area | 6.0000 | 19.0000 | 3.17 |
| BRIGHT p99 area | 76.4400 | 68.2000 | 0.89 |
| BRIGHT frac>0.90 | 0.0007 | 0.0022 | 3.07 |
| GLINT frac | 0.0226 | 0.0155 | 0.69 |
| GLINT blobs | 3754.0000 | 2958.0000 | 0.79 |
| GLINT mean area | 7.0072 | 6.0963 | 0.87 |
| GLINT p90 area | 5.0000 | 8.0000 | 1.60 |
| GLINT p99 area | 54.2900 | 44.8600 | 0.83 |
| GLINT mean peak | 0.4956 | 0.5323 | 1.07 |
| GLINT whiteness | 0.8044 | 0.7443 | 0.93 |
| frac_lum>0.40 | 0.0979 | 0.0827 | 0.85 |
| frac_lum>0.50 | 0.0340 | 0.0213 | 0.63 |
| frac_lum>0.60 | 0.0122 | 0.0067 | 0.55 |
| frac_lum>0.75 | 0.0026 | 0.0035 | 1.33 |
| blobs | 5700.0000 | 3876.0000 | 0.68 |
| blob_mean_area | 6.9528 | 6.3965 | 0.92 |
| blob_area_p90 | 7.0000 | 9.0000 | 1.29 |
| whiteness_of_highlights | 0.7669 | 0.7350 | 0.96 |
| gx/gy_streakiness | 0.9544 | 0.9991 | 1.05 |
| mean_lum | 0.2306 | 0.2341 | 1.02 |
| p99 | 0.6196 | 0.5582 | 0.90 |
| p99.9 | 0.8850 | 1.0000 | 1.13 |

BRIGHT glint (>0.60) density per 8 x 8 cell, 01a (left) and mine (right), percent of the cell:
 0.1   0.0   0.0   0.3   0.0   0.0   0.0   0.3   |    0.3   0.0   0.0   0.1   0.0   0.1   0.1   0.0
 0.0   2.3   1.8   0.0   0.1   0.0   0.1   0.0   |    0.2   0.7   3.9   0.0   0.2   0.3   0.0   0.3
 0.0   1.3   2.8   2.3   0.0   0.1   0.0   0.0   |    0.2   0.5   0.7   0.4   0.9   0.8   0.2   0.0
 0.2   0.0   0.4   0.6   0.0   0.0   0.0   0.0   |    0.3   0.1   0.3   0.0   0.8   0.1   0.0   0.0
 0.0   0.1   0.0   0.3   0.1   0.1   0.0   0.1   |    0.0   0.0   0.6   3.0   0.3   0.0   0.5   0.1
 0.0   0.0   0.1   0.0   0.0   0.9   0.8   0.0   |    0.5   1.2   1.0   0.2   0.0   0.3   0.2   0.8
 0.0   0.0   0.0   0.0   0.0   0.6   1.4   0.0   |    0.4   0.0   0.3   0.4   0.0   0.0   0.7   0.2
 0.0   0.0   0.0   0.0   0.1   0.0   0.0   0.0   |    0.3   0.0   0.1   0.1   0.0   0.1   0.4   0.1
