# H068 cut_v12_wide
Date: 1 October 2026, 00:02

Frame: render/frames/CeramicGreen_V6_frame_101_full1920.png

| measure | 01a | mine | ratio mine / 01a |
|---|---|---|---|
| BRIGHT frac (>0.60) | 0.0027 | 0.0047 | 1.75 |
| BRIGHT blobs | 585.0000 | 381.0000 | 0.65 |
| BRIGHT mean area | 5.4051 | 14.5092 | 2.68 |
| BRIGHT p90 area | 6.0000 | 30.0000 | 5.00 |
| BRIGHT p99 area | 76.4400 | 239.2000 | 3.13 |
| BRIGHT frac>0.90 | 0.0007 | 0.0000 | 0.05 |
| GLINT frac | 0.0226 | 0.0154 | 0.68 |
| GLINT blobs | 3754.0000 | 3922.0000 | 1.04 |
| GLINT mean area | 7.0072 | 4.5857 | 0.65 |
| GLINT p90 area | 5.0000 | 4.0000 | 0.80 |
| GLINT p99 area | 54.2900 | 47.5800 | 0.88 |
| GLINT mean peak | 0.4956 | 0.4972 | 1.00 |
| GLINT whiteness | 0.8044 | 0.7344 | 0.91 |
| frac_lum>0.40 | 0.0979 | 0.0933 | 0.95 |
| frac_lum>0.50 | 0.0340 | 0.0226 | 0.66 |
| frac_lum>0.60 | 0.0122 | 0.0092 | 0.76 |
| frac_lum>0.75 | 0.0026 | 0.0038 | 1.44 |
| blobs | 5700.0000 | 1864.0000 | 0.33 |
| blob_mean_area | 6.9528 | 14.1186 | 2.03 |
| blob_area_p90 | 7.0000 | 9.0000 | 1.29 |
| whiteness_of_highlights | 0.7669 | 0.7671 | 1.00 |
| gx/gy_streakiness | 0.9544 | 0.9912 | 1.04 |
| mean_lum | 0.2306 | 0.2440 | 1.06 |
| p99 | 0.6196 | 0.5974 | 0.96 |
| p99.9 | 0.8850 | 0.8209 | 0.93 |

BRIGHT glint (>0.60) density per 8 x 8 cell, 01a (left) and mine (right), percent of the cell:
 0.1   0.0   0.0   0.3   0.0   0.0   0.0   0.3   |    0.0   0.0   0.0   0.7   0.1   0.0   0.1   0.0
 0.0   2.3   1.8   0.0   0.1   0.0   0.1   0.0   |    0.0   1.0   0.0   0.0   0.0   0.2   0.3   0.0
 0.0   1.3   2.8   2.3   0.0   0.1   0.0   0.0   |    0.2   1.6   0.3   0.1   0.0   0.0   0.4   0.9
 0.2   0.0   0.4   0.6   0.0   0.0   0.0   0.0   |    0.9   0.3   0.1   0.3   0.7   0.3   0.0   0.0
 0.0   0.1   0.0   0.3   0.1   0.1   0.0   0.1   |    0.1   4.6   1.1   0.2   0.7   0.2   1.2   0.1
 0.0   0.0   0.1   0.0   0.0   0.9   0.8   0.0   |    0.0   0.6   2.9   0.7   0.3   1.6   0.4   0.4
 0.0   0.0   0.0   0.0   0.0   0.6   1.4   0.0   |    0.0   4.3   0.3   0.2   0.0   0.0   0.7   0.1
 0.0   0.0   0.0   0.0   0.1   0.0   0.0   0.0   |    0.0   0.1   0.0   0.0   0.0   0.4   0.1   0.0
