# H029 nrm11
Date: 30 September 2026, 22:57

Frame: render/frames/CeramicGreen_V6_frame_057.png

| measure | 01a | mine | ratio mine / 01a |
|---|---|---|---|
| BRIGHT frac (>0.60) | 0.0027 | 0.0022 | 0.80 |
| BRIGHT blobs | 585.0000 | 366.0000 | 0.63 |
| BRIGHT mean area | 5.4051 | 6.9153 | 1.28 |
| BRIGHT p90 area | 6.0000 | 16.5000 | 2.75 |
| BRIGHT p99 area | 76.4400 | 56.7500 | 0.74 |
| BRIGHT frac>0.90 | 0.0007 | 0.0012 | 1.71 |
| GLINT frac | 0.0226 | 0.0075 | 0.33 |
| GLINT blobs | 3754.0000 | 1748.0000 | 0.47 |
| GLINT mean area | 7.0072 | 5.0286 | 0.72 |
| GLINT p90 area | 5.0000 | 8.0000 | 1.60 |
| GLINT p99 area | 54.2900 | 63.1200 | 1.16 |
| GLINT mean peak | 0.4956 | 0.5464 | 1.10 |
| GLINT whiteness | 0.8044 | 0.7610 | 0.95 |
| frac_lum>0.40 | 0.0979 | 0.0519 | 0.53 |
| frac_lum>0.50 | 0.0340 | 0.0111 | 0.33 |
| frac_lum>0.60 | 0.0122 | 0.0045 | 0.37 |
| frac_lum>0.75 | 0.0026 | 0.0025 | 0.94 |
| blobs | 5700.0000 | 2357.0000 | 0.41 |
| blob_mean_area | 6.9528 | 5.5172 | 0.79 |
| blob_area_p90 | 7.0000 | 9.4000 | 1.34 |
| whiteness_of_highlights | 0.7669 | 0.7753 | 1.01 |
| gx/gy_streakiness | 0.9544 | 0.9959 | 1.04 |
| mean_lum | 0.2306 | 0.2212 | 0.96 |
| p99 | 0.6196 | 0.5085 | 0.82 |
| p99.9 | 0.8850 | 1.0000 | 1.13 |

BRIGHT glint (>0.60) density per 8 x 8 cell, 01a (left) and mine (right), percent of the cell:
 0.1   0.0   0.0   0.3   0.0   0.0   0.0   0.3   |    0.1   0.0   0.0   0.1   0.1   0.0   0.0   0.0
 0.0   2.3   1.8   0.0   0.1   0.0   0.1   0.0   |    0.0   0.4   0.0   0.1   0.4   0.1   0.0   0.3
 0.0   1.3   2.8   2.3   0.0   0.1   0.0   0.0   |    0.4   0.2   0.5   0.0   0.2   0.0   0.1   0.0
 0.2   0.0   0.4   0.6   0.0   0.0   0.0   0.0   |    0.1   0.6   0.0   0.1   1.6   0.2   0.0   0.0
 0.0   0.1   0.0   0.3   0.1   0.1   0.0   0.1   |    0.0   0.1   0.0   0.8   0.3   0.0   0.0   0.0
 0.0   0.0   0.1   0.0   0.0   0.9   0.8   0.0   |    0.1   0.5   1.0   1.0   0.0   0.7   0.0   0.1
 0.0   0.0   0.0   0.0   0.0   0.6   1.4   0.0   |    1.8   0.0   0.1   0.3   0.0   0.0   0.3   0.0
 0.0   0.0   0.0   0.0   0.1   0.0   0.0   0.0   |    0.6   0.2   0.3   0.0   0.0   0.1   0.0   0.0
