# H055 rx68
Date: 30 September 2026, 23:37

Frame: render/frames/CeramicGreen_V6_frame_083.png

| measure | 01a | mine | ratio mine / 01a |
|---|---|---|---|
| BRIGHT frac (>0.60) | 0.0027 | 0.0081 | 2.98 |
| BRIGHT blobs | 585.0000 | 495.0000 | 0.85 |
| BRIGHT mean area | 5.4051 | 19.0343 | 3.52 |
| BRIGHT p90 area | 6.0000 | 53.0000 | 8.83 |
| BRIGHT p99 area | 76.4400 | 174.1200 | 2.28 |
| BRIGHT frac>0.90 | 0.0007 | 0.0027 | 3.89 |
| GLINT frac | 0.0226 | 0.0169 | 0.75 |
| GLINT blobs | 3754.0000 | 2000.0000 | 0.53 |
| GLINT mean area | 7.0072 | 9.8695 | 1.41 |
| GLINT p90 area | 5.0000 | 12.0000 | 2.40 |
| GLINT p99 area | 54.2900 | 121.0100 | 2.23 |
| GLINT mean peak | 0.4956 | 0.5462 | 1.10 |
| GLINT whiteness | 0.8044 | 0.8079 | 1.00 |
| frac_lum>0.40 | 0.0979 | 0.0696 | 0.71 |
| frac_lum>0.50 | 0.0340 | 0.0179 | 0.53 |
| frac_lum>0.60 | 0.0122 | 0.0103 | 0.85 |
| frac_lum>0.75 | 0.0026 | 0.0068 | 2.59 |
| blobs | 5700.0000 | 2503.0000 | 0.44 |
| blob_mean_area | 6.9528 | 8.3408 | 1.20 |
| blob_area_p90 | 7.0000 | 15.0000 | 2.14 |
| whiteness_of_highlights | 0.7669 | 0.8375 | 1.09 |
| gx/gy_streakiness | 0.9544 | 1.0005 | 1.05 |
| mean_lum | 0.2306 | 0.2409 | 1.04 |
| p99 | 0.6196 | 0.6105 | 0.99 |
| p99.9 | 0.8850 | 0.9386 | 1.06 |

BRIGHT glint (>0.60) density per 8 x 8 cell, 01a (left) and mine (right), percent of the cell:
 0.1   0.0   0.0   0.3   0.0   0.0   0.0   0.3   |    0.3   0.0   0.4   0.3   0.1   1.2   0.4   0.0
 0.0   2.3   1.8   0.0   0.1   0.0   0.1   0.0   |    0.5   0.5   4.3   0.0   0.2   0.8   0.0   0.2
 0.0   1.3   2.8   2.3   0.0   0.1   0.0   0.0   |    1.5   1.1   2.4   0.8   1.9   2.0   0.6   0.0
 0.2   0.0   0.4   0.6   0.0   0.0   0.0   0.0   |    1.0   0.3   0.7   0.2   0.8   0.6   0.7   0.5
 0.0   0.1   0.0   0.3   0.1   0.1   0.0   0.1   |    0.3   0.3   1.0   1.3   0.7   0.1   3.4   0.3
 0.0   0.0   0.1   0.0   0.0   0.9   0.8   0.0   |    0.8   3.2   1.3   0.8   0.3   0.5   0.2   1.0
 0.0   0.0   0.0   0.0   0.0   0.6   1.4   0.0   |    1.4   1.3   0.6   0.7   0.2   0.1   1.2   0.6
 0.0   0.0   0.0   0.0   0.1   0.0   0.0   0.0   |    1.6   0.2   0.1   0.0   0.0   0.7   1.6   1.5
