# H026 key36_tint706
Date: 30 September 2026, 22:52

Frame: render/frames/CeramicGreen_V6_frame_054.png

| measure | 01a | mine | ratio mine / 01a |
|---|---|---|---|
| BRIGHT frac (>0.60) | 0.0027 | 0.0027 | 1.00 |
| BRIGHT blobs | 585.0000 | 358.0000 | 0.61 |
| BRIGHT mean area | 5.4051 | 8.8324 | 1.63 |
| BRIGHT p90 area | 6.0000 | 17.3000 | 2.88 |
| BRIGHT p99 area | 76.4400 | 111.9100 | 1.46 |
| BRIGHT frac>0.90 | 0.0007 | 0.0016 | 2.25 |
| GLINT frac | 0.0226 | 0.0065 | 0.29 |
| GLINT blobs | 3754.0000 | 1454.0000 | 0.39 |
| GLINT mean area | 7.0072 | 5.1878 | 0.74 |
| GLINT p90 area | 5.0000 | 8.0000 | 1.60 |
| GLINT p99 area | 54.2900 | 67.4100 | 1.24 |
| GLINT mean peak | 0.4956 | 0.5607 | 1.13 |
| GLINT whiteness | 0.8044 | 0.8108 | 1.01 |
| frac_lum>0.40 | 0.0979 | 0.0463 | 0.47 |
| frac_lum>0.50 | 0.0340 | 0.0120 | 0.35 |
| frac_lum>0.60 | 0.0122 | 0.0063 | 0.52 |
| frac_lum>0.75 | 0.0026 | 0.0039 | 1.48 |
| blobs | 5700.0000 | 1963.0000 | 0.34 |
| blob_mean_area | 6.9528 | 7.1325 | 1.03 |
| blob_area_p90 | 7.0000 | 11.0000 | 1.57 |
| whiteness_of_highlights | 0.7669 | 0.8238 | 1.07 |
| gx/gy_streakiness | 0.9544 | 1.0019 | 1.05 |
| mean_lum | 0.2306 | 0.2271 | 0.98 |
| p99 | 0.6196 | 0.5203 | 0.84 |
| p99.9 | 0.8850 | 1.0000 | 1.13 |

BRIGHT glint (>0.60) density per 8 x 8 cell, 01a (left) and mine (right), percent of the cell:
 0.1   0.0   0.0   0.3   0.0   0.0   0.0   0.3   |    0.1   0.0   0.1   0.1   0.1   0.0   0.0   0.0
 0.0   2.3   1.8   0.0   0.1   0.0   0.1   0.0   |    0.0   0.9   0.0   0.1   0.6   0.0   0.0   0.4
 0.0   1.3   2.8   2.3   0.0   0.1   0.0   0.0   |    0.4   0.1   2.1   0.0   0.0   0.0   0.0   0.0
 0.2   0.0   0.4   0.6   0.0   0.0   0.0   0.0   |    0.1   0.9   0.1   0.0   0.7   0.1   0.0   0.0
 0.0   0.1   0.0   0.3   0.1   0.1   0.0   0.1   |    0.2   0.2   0.0   0.0   0.3   0.0   0.0   0.0
 0.0   0.0   0.1   0.0   0.0   0.9   0.8   0.0   |    0.0   1.1   0.2   0.5   0.0   2.5   0.0   0.2
 0.0   0.0   0.0   0.0   0.0   0.6   1.4   0.0   |    1.4   0.4   0.0   0.8   0.1   0.0   0.6   0.0
 0.0   0.0   0.0   0.0   0.1   0.0   0.0   0.0   |    1.2   0.1   0.0   0.0   0.0   0.1   0.2   0.0
