# H007 reflectmap_iter2
Date: 30 September 2026, 22:11

Frame: render/frames/CeramicGreen_V6_frame_037.png

| measure | 01a | mine | ratio mine / 01a |
|---|---|---|---|
| GLINT frac | 0.0226 | 0.0307 | 1.36 |
| GLINT blobs | 3754.0000 | 4959.0000 | 1.32 |
| GLINT mean area | 7.0072 | 7.2099 | 1.03 |
| GLINT p90 area | 5.0000 | 13.0000 | 2.60 |
| GLINT p99 area | 54.2900 | 66.0000 | 1.22 |
| GLINT mean peak | 0.4956 | 0.6980 | 1.41 |
| GLINT whiteness | 0.8044 | 0.9069 | 1.13 |
| frac_lum>0.40 | 0.0979 | 0.0740 | 0.76 |
| frac_lum>0.50 | 0.0340 | 0.0333 | 0.98 |
| frac_lum>0.60 | 0.0122 | 0.0213 | 1.75 |
| frac_lum>0.75 | 0.0026 | 0.0135 | 5.13 |
| blobs | 5700.0000 | 6258.0000 | 1.10 |
| blob_mean_area | 6.9528 | 6.1999 | 0.89 |
| blob_area_p90 | 7.0000 | 12.0000 | 1.71 |
| whiteness_of_highlights | 0.7669 | 0.8965 | 1.17 |
| gx/gy_streakiness | 0.9544 | 1.0005 | 1.05 |
| mean_lum | 0.2306 | 0.2302 | 1.00 |
| p99 | 0.6196 | 0.8523 | 1.38 |
| p99.9 | 0.8850 | 1.0000 | 1.13 |

Glint density per 8 x 8 cell, 01a (left) and mine (right), percent of the cell:
 0.3   0.3   2.7   0.6   0.0   0.1   0.0   0.3   |    1.4   1.1   0.6   2.2   0.2   1.3   1.0   0.1
 0.5  18.6  10.2   5.1   1.2   0.3   0.1   0.0   |    1.6  15.0  12.7   1.2   0.2   3.1   0.1   0.2
 0.2  12.0   7.0  20.5  11.8   0.8   0.1   0.0   |    3.5   9.2   7.0   5.7   8.0   6.6   1.0   0.3
 1.2   0.7   5.0  11.3   1.5   4.2   0.1   0.1   |    2.3   7.1   5.8   4.3  11.0   3.3   0.7   0.7
 0.0   1.2   2.0   4.6   1.6   3.4   2.5   0.4   |    1.1   1.6   5.1  13.2   7.1   1.2   5.1   0.9
 0.4   0.1   2.1   0.4   0.6   2.2   1.2   0.7   |    1.5   6.3   5.0   2.4   2.9   2.2   0.9   0.2
 0.0   0.4   0.0   0.2   0.0   1.0   2.4   0.0   |    3.2   2.1   0.6   2.3   0.8   0.1   1.1   1.1
 0.0   0.0   0.0   0.0   0.2   0.0   0.0   0.0   |    2.0   0.6   0.4   0.2   0.7   1.1   3.4   1.1
