# H060 indep_k49_s20
Date: 30 September 2026, 23:43

Frame: render/frames/CeramicGreen_V6_frame_088.png

| measure | 01a | mine | ratio mine / 01a |
|---|---|---|---|
| BRIGHT frac (>0.60) | 0.0027 | 0.0050 | 1.84 |
| BRIGHT blobs | 585.0000 | 323.0000 | 0.55 |
| BRIGHT mean area | 5.4051 | 18.0526 | 3.34 |
| BRIGHT p90 area | 6.0000 | 40.6000 | 6.77 |
| BRIGHT p99 area | 76.4400 | 214.9000 | 2.81 |
| BRIGHT frac>0.90 | 0.0007 | 0.0023 | 3.30 |
| GLINT frac | 0.0226 | 0.0178 | 0.79 |
| GLINT blobs | 3754.0000 | 2968.0000 | 0.79 |
| GLINT mean area | 7.0072 | 7.0101 | 1.00 |
| GLINT p90 area | 5.0000 | 7.0000 | 1.40 |
| GLINT p99 area | 54.2900 | 75.9900 | 1.40 |
| GLINT mean peak | 0.4956 | 0.5060 | 1.02 |
| GLINT whiteness | 0.8044 | 0.7398 | 0.92 |
| frac_lum>0.40 | 0.0979 | 0.0924 | 0.94 |
| frac_lum>0.50 | 0.0340 | 0.0187 | 0.55 |
| frac_lum>0.60 | 0.0122 | 0.0067 | 0.55 |
| frac_lum>0.75 | 0.0026 | 0.0045 | 1.73 |
| blobs | 5700.0000 | 2882.0000 | 0.51 |
| blob_mean_area | 6.9528 | 7.5517 | 1.09 |
| blob_area_p90 | 7.0000 | 9.0000 | 1.29 |
| whiteness_of_highlights | 0.7669 | 0.7523 | 0.98 |
| gx/gy_streakiness | 0.9544 | 0.9910 | 1.04 |
| mean_lum | 0.2306 | 0.2467 | 1.07 |
| p99 | 0.6196 | 0.5464 | 0.88 |
| p99.9 | 0.8850 | 0.9490 | 1.07 |

BRIGHT glint (>0.60) density per 8 x 8 cell, 01a (left) and mine (right), percent of the cell:
 0.1   0.0   0.0   0.3   0.0   0.0   0.0   0.3   |    0.0   0.0   0.0   0.9   0.2   0.0   0.1   0.0
 0.0   2.3   1.8   0.0   0.1   0.0   0.1   0.0   |    0.0   0.8   0.0   0.0   0.1   0.2   0.3   0.0
 0.0   1.3   2.8   2.3   0.0   0.1   0.0   0.0   |    0.3   1.5   0.4   0.3   0.0   0.0   0.4   1.0
 0.2   0.0   0.4   0.6   0.0   0.0   0.0   0.0   |    0.8   0.6   0.2   0.2   0.9   0.5   0.0   0.0
 0.0   0.1   0.0   0.3   0.1   0.1   0.0   0.1   |    0.2   3.9   0.9   0.4   0.9   0.4   1.2   0.3
 0.0   0.0   0.1   0.0   0.0   0.9   0.8   0.0   |    0.1   0.8   2.5   0.7   0.3   1.4   0.5   0.4
 0.0   0.0   0.0   0.0   0.0   0.6   1.4   0.0   |    0.0   4.2   0.4   0.3   0.1   0.0   0.7   0.1
 0.0   0.0   0.0   0.0   0.1   0.0   0.0   0.0   |    0.0   0.2   0.1   0.1   0.1   0.6   0.2   0.1
