# H062 spec_m15
Date: 30 September 2026, 23:45

Frame: render/frames/CeramicGreen_V6_frame_090.png

| measure | 01a | mine | ratio mine / 01a |
|---|---|---|---|
| BRIGHT frac (>0.60) | 0.0027 | 0.0035 | 1.29 |
| BRIGHT blobs | 585.0000 | 288.0000 | 0.49 |
| BRIGHT mean area | 5.4051 | 14.1632 | 2.62 |
| BRIGHT p90 area | 6.0000 | 31.2000 | 5.20 |
| BRIGHT p99 area | 76.4400 | 186.6500 | 2.44 |
| BRIGHT frac>0.90 | 0.0007 | 0.0001 | 0.16 |
| GLINT frac | 0.0226 | 0.0113 | 0.50 |
| GLINT blobs | 3754.0000 | 2053.0000 | 0.55 |
| GLINT mean area | 7.0072 | 6.3931 | 0.91 |
| GLINT p90 area | 5.0000 | 7.0000 | 1.40 |
| GLINT p99 area | 54.2900 | 73.7200 | 1.36 |
| GLINT mean peak | 0.4956 | 0.5040 | 1.02 |
| GLINT whiteness | 0.8044 | 0.7562 | 0.94 |
| frac_lum>0.40 | 0.0979 | 0.0668 | 0.68 |
| frac_lum>0.50 | 0.0340 | 0.0111 | 0.33 |
| frac_lum>0.60 | 0.0122 | 0.0039 | 0.32 |
| frac_lum>0.75 | 0.0026 | 0.0023 | 0.88 |
| blobs | 5700.0000 | 1676.0000 | 0.29 |
| blob_mean_area | 6.9528 | 7.7476 | 1.11 |
| blob_area_p90 | 7.0000 | 13.0000 | 1.86 |
| whiteness_of_highlights | 0.7669 | 0.7562 | 0.99 |
| gx/gy_streakiness | 0.9544 | 0.9958 | 1.04 |
| mean_lum | 0.2306 | 0.2312 | 1.00 |
| p99 | 0.6196 | 0.5059 | 0.82 |
| p99.9 | 0.8850 | 0.8366 | 0.95 |

BRIGHT glint (>0.60) density per 8 x 8 cell, 01a (left) and mine (right), percent of the cell:
 0.1   0.0   0.0   0.3   0.0   0.0   0.0   0.3   |    0.0   0.0   0.0   0.6   0.1   0.0   0.0   0.0
 0.0   2.3   1.8   0.0   0.1   0.0   0.1   0.0   |    0.0   0.5   0.0   0.0   0.1   0.2   0.2   0.0
 0.0   1.3   2.8   2.3   0.0   0.1   0.0   0.0   |    0.2   1.3   0.3   0.1   0.0   0.0   0.3   0.8
 0.2   0.0   0.4   0.6   0.0   0.0   0.0   0.0   |    0.5   0.3   0.1   0.1   0.5   0.3   0.0   0.0
 0.0   0.1   0.0   0.3   0.1   0.1   0.0   0.1   |    0.1   3.1   0.7   0.1   0.6   0.2   0.9   0.1
 0.0   0.0   0.1   0.0   0.0   0.9   0.8   0.0   |    0.1   0.5   1.9   0.5   0.2   1.2   0.3   0.3
 0.0   0.0   0.0   0.0   0.0   0.6   1.4   0.0   |    0.0   3.3   0.2   0.2   0.0   0.0   0.5   0.1
 0.0   0.0   0.0   0.0   0.1   0.0   0.0   0.0   |    0.0   0.1   0.1   0.0   0.0   0.3   0.1   0.0
