# H070 cut_v12_tint41
Date: 1 October 2026, 00:04

Frame: render/frames/CeramicGreen_V6_frame_103_full1920.png

| measure | 01a | mine | ratio mine / 01a |
|---|---|---|---|
| BRIGHT frac (>0.60) | 0.0027 | 0.0047 | 1.75 |
| BRIGHT blobs | 585.0000 | 381.0000 | 0.65 |
| BRIGHT mean area | 5.4051 | 14.5092 | 2.68 |
| BRIGHT p90 area | 6.0000 | 30.0000 | 5.00 |
| BRIGHT p99 area | 76.4400 | 239.2000 | 3.13 |
| BRIGHT frac>0.90 | 0.0007 | 0.0000 | 0.06 |
| GLINT frac | 0.0226 | 0.0129 | 0.57 |
| GLINT blobs | 3754.0000 | 3149.0000 | 0.84 |
| GLINT mean area | 7.0072 | 4.7650 | 0.68 |
| GLINT p90 area | 5.0000 | 4.0000 | 0.80 |
| GLINT p99 area | 54.2900 | 61.5200 | 1.13 |
| GLINT mean peak | 0.4956 | 0.5009 | 1.01 |
| GLINT whiteness | 0.8044 | 0.7544 | 0.94 |
| frac_lum>0.40 | 0.0979 | 0.0756 | 0.77 |
| frac_lum>0.50 | 0.0340 | 0.0214 | 0.63 |
| frac_lum>0.60 | 0.0122 | 0.0069 | 0.57 |
| frac_lum>0.75 | 0.0026 | 0.0038 | 1.44 |
| blobs | 5700.0000 | 1509.0000 | 0.26 |
| blob_mean_area | 6.9528 | 16.5494 | 2.38 |
| blob_area_p90 | 7.0000 | 13.0000 | 1.86 |
| whiteness_of_highlights | 0.7669 | 0.7730 | 1.01 |
| gx/gy_streakiness | 0.9544 | 0.9903 | 1.04 |
| mean_lum | 0.2306 | 0.2344 | 1.02 |
| p99 | 0.6196 | 0.5856 | 0.95 |
| p99.9 | 0.8850 | 0.8209 | 0.93 |

BRIGHT glint (>0.60) density per 8 x 8 cell, 01a (left) and mine (right), percent of the cell:
 0.1   0.0   0.0   0.3   0.0   0.0   0.0   0.3   |    0.0   0.0   0.0   0.7   0.1   0.0   0.1   0.0
 0.0   2.3   1.8   0.0   0.1   0.0   0.1   0.0   |    0.0   1.0   0.0   0.0   0.0   0.2   0.3   0.0
 0.0   1.3   2.8   2.3   0.0   0.1   0.0   0.0   |    0.2   1.6   0.3   0.1   0.0   0.0   0.4   0.9
 0.2   0.0   0.4   0.6   0.0   0.0   0.0   0.0   |    0.9   0.3   0.1   0.3   0.7   0.3   0.0   0.0
 0.0   0.1   0.0   0.3   0.1   0.1   0.0   0.1   |    0.1   4.6   1.1   0.2   0.7   0.2   1.2   0.1
 0.0   0.0   0.1   0.0   0.0   0.9   0.8   0.0   |    0.0   0.6   2.9   0.7   0.3   1.6   0.4   0.4
 0.0   0.0   0.0   0.0   0.0   0.6   1.4   0.0   |    0.0   4.3   0.3   0.2   0.0   0.0   0.7   0.1
 0.0   0.0   0.0   0.0   0.1   0.0   0.0   0.0   |    0.0   0.1   0.0   0.0   0.0   0.4   0.1   0.0
