# H005 glint_baseline_033
Date: 30 September 2026, 22:06

Frame: render/frames/CeramicGreen_V6_frame_033.png

| measure | 01a | mine | ratio mine / 01a |
|---|---|---|---|
| GLINT frac | 0.0226 | 0.0310 | 1.37 |
| GLINT blobs | 3754.0000 | 1982.0000 | 0.53 |
| GLINT mean area | 7.0072 | 18.2190 | 2.60 |
| GLINT p90 area | 5.0000 | 17.0000 | 3.40 |
| GLINT p99 area | 54.2900 | 467.2300 | 8.61 |
| GLINT mean peak | 0.4956 | 0.5794 | 1.17 |
| GLINT whiteness | 0.8044 | 0.9191 | 1.14 |
| frac_lum>0.40 | 0.0979 | 0.0761 | 0.78 |
| frac_lum>0.50 | 0.0340 | 0.0332 | 0.98 |
| frac_lum>0.60 | 0.0122 | 0.0226 | 1.86 |
| frac_lum>0.75 | 0.0026 | 0.0162 | 6.18 |
| blobs | 5700.0000 | 2925.0000 | 0.51 |
| blob_mean_area | 6.9528 | 13.2588 | 1.91 |
| blob_area_p90 | 7.0000 | 18.0000 | 2.57 |
| whiteness_of_highlights | 0.7669 | 0.9105 | 1.19 |
| gx/gy_streakiness | 0.9544 | 0.9930 | 1.04 |
| mean_lum | 0.2306 | 0.2380 | 1.03 |
| p99 | 0.6196 | 1.0000 | 1.61 |
| p99.9 | 0.8850 | 1.0000 | 1.13 |

Glint density per 8 x 8 cell, 01a (left) and mine (right), percent of the cell:
 0.3   0.3   2.7   0.6   0.0   0.1   0.0   0.3   |    1.3   0.3   0.2   1.4   0.2   1.9   2.1   0.2
 0.5  18.6  10.2   5.1   1.2   0.3   0.1   0.0   |    0.2  13.8  10.0   0.7   1.0   4.6   0.3   0.5
 0.2  12.0   7.0  20.5  11.8   0.8   0.1   0.0   |    1.1   8.4   4.5   4.2   5.7   5.8   1.0   0.0
 1.2   0.7   5.0  11.3   1.5   4.2   0.1   0.1   |    3.2   6.5   3.0   2.0   9.0   1.3   0.3   0.4
 0.0   1.2   2.0   4.6   1.6   3.4   2.5   0.4   |    0.7   1.3   6.2  11.6   6.3   0.2   3.0   0.5
 0.4   0.1   2.1   0.4   0.6   2.2   1.2   0.7   |    4.5  15.1   9.8   2.4   1.8   1.1   0.6   0.7
 0.0   0.4   0.0   0.2   0.0   1.0   2.4   0.0   |    9.2   6.8   1.0   4.5   1.6   0.2   1.0   1.2
 0.0   0.0   0.0   0.0   0.2   0.0   0.0   0.0   |    4.8   0.7   0.9   0.4   0.4   0.4   3.4   1.3
