# H012 angle2_gain08
Date: 30 September 2026, 22:27

Frame: render/frames/CeramicGreen_V6_frame_042.png

| measure | 01a | mine | ratio mine / 01a |
|---|---|---|---|
| GLINT frac | 0.0226 | 0.0251 | 1.11 |
| GLINT blobs | 3754.0000 | 4953.0000 | 1.32 |
| GLINT mean area | 7.0072 | 5.9011 | 0.84 |
| GLINT p90 area | 5.0000 | 11.0000 | 2.20 |
| GLINT p99 area | 54.2900 | 54.0000 | 0.99 |
| GLINT mean peak | 0.4956 | 0.6916 | 1.40 |
| GLINT whiteness | 0.8044 | 0.8704 | 1.08 |
| frac_lum>0.40 | 0.0979 | 0.0557 | 0.57 |
| frac_lum>0.50 | 0.0340 | 0.0253 | 0.75 |
| frac_lum>0.60 | 0.0122 | 0.0164 | 1.35 |
| frac_lum>0.75 | 0.0026 | 0.0099 | 3.78 |
| blobs | 5700.0000 | 5733.0000 | 1.01 |
| blob_mean_area | 6.9528 | 5.1554 | 0.74 |
| blob_area_p90 | 7.0000 | 10.0000 | 1.43 |
| whiteness_of_highlights | 0.7669 | 0.8702 | 1.13 |
| gx/gy_streakiness | 0.9544 | 0.9991 | 1.05 |
| mean_lum | 0.2306 | 0.2160 | 0.94 |
| p99 | 0.6196 | 0.7477 | 1.21 |
| p99.9 | 0.8850 | 1.0000 | 1.13 |

Glint density per 8 x 8 cell, 01a (left) and mine (right), percent of the cell:
 0.3   0.3   2.7   0.6   0.0   0.1   0.0   0.3   |    1.3   0.9   0.5   2.3   0.5   1.0   0.9   0.1
 0.5  18.6  10.2   5.1   1.2   0.3   0.1   0.0   |    1.5   9.0   9.8   1.2   0.3   2.4   0.1   0.2
 0.2  12.0   7.0  20.5  11.8   0.8   0.1   0.0   |    2.8   8.0   6.7   5.0   7.3   5.7   0.6   0.2
 1.2   0.7   5.0  11.3   1.5   4.2   0.1   0.1   |    1.4   5.9   5.6   4.2   9.7   2.6   0.5   0.6
 0.0   1.2   2.0   4.6   1.6   3.4   2.5   0.4   |    0.7   1.0   3.8  10.6   5.7   0.9   4.2   0.8
 0.4   0.1   2.1   0.4   0.6   2.2   1.2   0.7   |    1.5   4.7   3.0   1.3   2.2   2.0   0.9   0.2
 0.0   0.4   0.0   0.2   0.0   1.0   2.4   0.0   |    3.3   2.0   0.6   1.5   0.5   0.1   1.0   1.0
 0.0   0.0   0.0   0.0   0.2   0.0   0.0   0.0   |    2.1   0.6   0.3   0.2   0.5   0.8   2.4   0.8
