# H004 glint_baseline_035
Date: 30 September 2026, 22:06

Frame: render/frames/CeramicGreen_V6_frame_035.png

| measure | 01a | mine | ratio mine / 01a |
|---|---|---|---|
| GLINT frac | 0.0226 | 0.0144 | 0.64 |
| GLINT blobs | 3754.0000 | 13029.0000 | 3.47 |
| GLINT mean area | 7.0072 | 1.2848 | 0.18 |
| GLINT p90 area | 5.0000 | 2.0000 | 0.40 |
| GLINT p99 area | 54.2900 | 5.0000 | 0.09 |
| GLINT mean peak | 0.4956 | 0.5088 | 1.03 |
| GLINT whiteness | 0.8044 | 0.8759 | 1.09 |
| frac_lum>0.40 | 0.0979 | 0.0462 | 0.47 |
| frac_lum>0.50 | 0.0340 | 0.0112 | 0.33 |
| frac_lum>0.60 | 0.0122 | 0.0021 | 0.17 |
| frac_lum>0.75 | 0.0026 | 0.0004 | 0.15 |
| blobs | 5700.0000 | 9432.0000 | 1.65 |
| blob_mean_area | 6.9528 | 1.3839 | 0.20 |
| blob_area_p90 | 7.0000 | 2.0000 | 0.29 |
| whiteness_of_highlights | 0.7669 | 0.8231 | 1.07 |
| gx/gy_streakiness | 0.9544 | 1.0050 | 1.05 |
| mean_lum | 0.2306 | 0.2063 | 0.89 |
| p99 | 0.6196 | 0.5059 | 0.82 |
| p99.9 | 0.8850 | 0.6575 | 0.74 |

Glint density per 8 x 8 cell, 01a (left) and mine (right), percent of the cell:
 0.3   0.3   2.7   0.6   0.0   0.1   0.0   0.3   |    0.8   1.7   2.2   2.1   0.7   0.8   0.7   0.5
 0.5  18.6  10.2   5.1   1.2   0.3   0.1   0.0   |    1.1  10.5   3.8   2.6   0.8   1.0   0.8   0.5
 0.2  12.0   7.0  20.5  11.8   0.8   0.1   0.0   |    1.5   1.9   1.8   3.6   1.6   1.0   0.7   1.1
 1.2   0.7   5.0  11.3   1.5   4.2   0.1   0.1   |    1.4   1.1   1.0   3.7   1.3   1.0   0.7   1.2
 0.0   1.2   2.0   4.6   1.6   3.4   2.5   0.4   |    0.8   1.3   1.3   1.2   3.0   2.0   1.8   1.6
 0.4   0.1   2.1   0.4   0.6   2.2   1.2   0.7   |    0.4   0.7   1.2   1.0   0.9   2.7   3.3   2.0
 0.0   0.4   0.0   0.2   0.0   1.0   2.4   0.0   |    0.5   0.5   0.6   1.0   1.1   0.8   1.0   1.1
 0.0   0.0   0.0   0.0   0.2   0.0   0.0   0.0   |    0.5   0.3   0.4   0.9   0.6   0.6   0.7   0.9
