# H011 gain045_roughness_reexported
Date: 30 September 2026, 22:26

Frame: render/frames/CeramicGreen_V6_frame_041.png

| measure | 01a | mine | ratio mine / 01a |
|---|---|---|---|
| GLINT frac | 0.0226 | 0.0198 | 0.88 |
| GLINT blobs | 3754.0000 | 4594.0000 | 1.22 |
| GLINT mean area | 7.0072 | 5.0361 | 0.72 |
| GLINT p90 area | 5.0000 | 10.0000 | 2.00 |
| GLINT p99 area | 54.2900 | 44.0700 | 0.81 |
| GLINT mean peak | 0.4956 | 0.6653 | 1.34 |
| GLINT whiteness | 0.8044 | 0.8572 | 1.07 |
| frac_lum>0.40 | 0.0979 | 0.0493 | 0.50 |
| frac_lum>0.50 | 0.0340 | 0.0198 | 0.58 |
| frac_lum>0.60 | 0.0122 | 0.0120 | 0.99 |
| frac_lum>0.75 | 0.0026 | 0.0067 | 2.56 |
| blobs | 5700.0000 | 5140.0000 | 0.90 |
| blob_mean_area | 6.9528 | 4.4969 | 0.65 |
| blob_area_p90 | 7.0000 | 9.0000 | 1.29 |
| whiteness_of_highlights | 0.7669 | 0.8553 | 1.12 |
| gx/gy_streakiness | 0.9544 | 0.9991 | 1.05 |
| mean_lum | 0.2306 | 0.2120 | 0.92 |
| p99 | 0.6196 | 0.6458 | 1.04 |
| p99.9 | 0.8850 | 1.0000 | 1.13 |

Glint density per 8 x 8 cell, 01a (left) and mine (right), percent of the cell:
 0.3   0.3   2.7   0.6   0.0   0.1   0.0   0.3   |    1.0   0.7   0.5   1.8   0.4   0.8   0.7   0.1
 0.5  18.6  10.2   5.1   1.2   0.3   0.1   0.0   |    1.1   8.7   8.5   0.9   0.2   1.8   0.1   0.1
 0.2  12.0   7.0  20.5  11.8   0.8   0.1   0.0   |    2.1   6.9   5.6   4.0   6.1   4.7   0.5   0.2
 1.2   0.7   5.0  11.3   1.5   4.2   0.1   0.1   |    1.0   4.7   4.5   3.4   8.0   2.0   0.4   0.5
 0.0   1.2   2.0   4.6   1.6   3.4   2.5   0.4   |    0.5   0.7   3.1   8.7   4.3   0.7   3.4   0.6
 0.4   0.1   2.1   0.4   0.6   2.2   1.2   0.7   |    0.7   2.6   2.3   0.9   1.6   1.5   0.7   0.2
 0.0   0.4   0.0   0.2   0.0   1.0   2.4   0.0   |    2.1   1.3   0.4   1.0   0.4   0.0   0.7   0.8
 0.0   0.0   0.0   0.0   0.2   0.0   0.0   0.0   |    1.4   0.4   0.2   0.2   0.3   0.6   1.9   0.6
