# H045 angle10
Date: 30 September 2026, 23:28

Frame: render/frames/CeramicGreen_V6_frame_073.png

| measure | 01a | mine | ratio mine / 01a |
|---|---|---|---|
| BRIGHT frac (>0.60) | 0.0027 | 0.0120 | 4.41 |
| BRIGHT blobs | 585.0000 | 496.0000 | 0.85 |
| BRIGHT mean area | 5.4051 | 28.1270 | 5.20 |
| BRIGHT p90 area | 6.0000 | 56.0000 | 9.33 |
| BRIGHT p99 area | 76.4400 | 433.8500 | 5.68 |
| BRIGHT frac>0.90 | 0.0007 | 0.0098 | 13.83 |
| GLINT frac | 0.0226 | 0.0199 | 0.88 |
| GLINT blobs | 3754.0000 | 2162.0000 | 0.58 |
| GLINT mean area | 7.0072 | 10.7262 | 1.53 |
| GLINT p90 area | 5.0000 | 11.9000 | 2.38 |
| GLINT p99 area | 54.2900 | 171.0000 | 3.15 |
| GLINT mean peak | 0.4956 | 0.5626 | 1.14 |
| GLINT whiteness | 0.8044 | 0.8661 | 1.08 |
| frac_lum>0.40 | 0.0979 | 0.0778 | 0.80 |
| frac_lum>0.50 | 0.0340 | 0.0280 | 0.82 |
| frac_lum>0.60 | 0.0122 | 0.0165 | 1.36 |
| frac_lum>0.75 | 0.0026 | 0.0128 | 4.85 |
| blobs | 5700.0000 | 3285.0000 | 0.58 |
| blob_mean_area | 6.9528 | 9.9440 | 1.43 |
| blob_area_p90 | 7.0000 | 13.0000 | 1.86 |
| whiteness_of_highlights | 0.7669 | 0.8389 | 1.09 |
| gx/gy_streakiness | 0.9544 | 1.0073 | 1.06 |
| mean_lum | 0.2306 | 0.2377 | 1.03 |
| p99 | 0.6196 | 0.9843 | 1.59 |
| p99.9 | 0.8850 | 1.0000 | 1.13 |

BRIGHT glint (>0.60) density per 8 x 8 cell, 01a (left) and mine (right), percent of the cell:
 0.1   0.0   0.0   0.3   0.0   0.0   0.0   0.3   |    0.8   0.0   0.1   0.3   0.2   0.3   0.7   0.0
 0.0   2.3   1.8   0.0   0.1   0.0   0.1   0.0   |    0.5   0.6   4.6   0.0   0.2   1.0   0.0   1.0
 0.0   1.3   2.8   2.3   0.0   0.1   0.0   0.0   |    0.5   1.3   0.9   1.1   3.0   3.0   0.8   0.0
 0.2   0.0   0.4   0.6   0.0   0.0   0.0   0.0   |    2.0   0.6   0.4   0.3   2.9   1.5   0.2   0.0
 0.0   0.1   0.0   0.3   0.1   0.1   0.0   0.1   |    0.3   0.2   1.9   6.0   2.4   0.0   1.7   0.5
 0.0   0.0   0.1   0.0   0.0   0.9   0.8   0.0   |    2.5   8.3   6.5   1.4   0.1   0.9   0.2   1.4
 0.0   0.0   0.0   0.0   0.0   0.6   1.4   0.0   |    2.8   1.1   1.0   1.6   0.0   0.1   1.6   0.4
 0.0   0.0   0.0   0.0   0.1   0.0   0.0   0.0   |    2.2   0.3   0.3   0.1   0.1   0.3   1.2   0.4
