# H052 angle10reinh
Date: 30 September 2026, 23:34

Frame: render/frames/CeramicGreen_V6_frame_080.png

| measure | 01a | mine | ratio mine / 01a |
|---|---|---|---|
| BRIGHT frac (>0.60) | 0.0027 | 0.0112 | 4.12 |
| BRIGHT blobs | 585.0000 | 460.0000 | 0.79 |
| BRIGHT mean area | 5.4051 | 28.3217 | 5.24 |
| BRIGHT p90 area | 6.0000 | 58.0000 | 9.67 |
| BRIGHT p99 area | 76.4400 | 461.9100 | 6.04 |
| BRIGHT frac>0.90 | 0.0007 | 0.0051 | 7.26 |
| GLINT frac | 0.0226 | 0.0176 | 0.78 |
| GLINT blobs | 3754.0000 | 1671.0000 | 0.45 |
| GLINT mean area | 7.0072 | 12.2783 | 1.75 |
| GLINT p90 area | 5.0000 | 15.0000 | 3.00 |
| GLINT p99 area | 54.2900 | 212.6000 | 3.92 |
| GLINT mean peak | 0.4956 | 0.5546 | 1.12 |
| GLINT whiteness | 0.8044 | 0.8516 | 1.06 |
| frac_lum>0.40 | 0.0979 | 0.0769 | 0.79 |
| frac_lum>0.50 | 0.0340 | 0.0228 | 0.67 |
| frac_lum>0.60 | 0.0122 | 0.0139 | 1.14 |
| frac_lum>0.75 | 0.0026 | 0.0099 | 3.75 |
| blobs | 5700.0000 | 2541.0000 | 0.45 |
| blob_mean_area | 6.9528 | 10.4553 | 1.50 |
| blob_area_p90 | 7.0000 | 16.0000 | 2.29 |
| whiteness_of_highlights | 0.7669 | 0.8364 | 1.09 |
| gx/gy_streakiness | 0.9544 | 1.0069 | 1.05 |
| mean_lum | 0.2306 | 0.2455 | 1.06 |
| p99 | 0.6196 | 0.7438 | 1.20 |
| p99.9 | 0.8850 | 0.9412 | 1.06 |

BRIGHT glint (>0.60) density per 8 x 8 cell, 01a (left) and mine (right), percent of the cell:
 0.1   0.0   0.0   0.3   0.0   0.0   0.0   0.3   |    0.6   0.0   0.1   0.3   0.2   0.2   0.6   0.0
 0.0   2.3   1.8   0.0   0.1   0.0   0.1   0.0   |    0.4   0.7   5.0   0.0   0.1   1.0   0.0   0.9
 0.0   1.3   2.8   2.3   0.0   0.1   0.0   0.0   |    0.4   1.3   0.9   1.0   2.7   2.8   0.7   0.0
 0.2   0.0   0.4   0.6   0.0   0.0   0.0   0.0   |    1.9   0.5   0.4   0.2   2.7   1.4   0.1   0.0
 0.0   0.1   0.0   0.3   0.1   0.1   0.0   0.1   |    0.2   0.2   1.9   5.4   2.2   0.0   1.4   0.4
 0.0   0.0   0.1   0.0   0.0   0.9   0.8   0.0   |    2.4   7.8   6.2   1.2   0.1   0.8   0.2   1.2
 0.0   0.0   0.0   0.0   0.0   0.6   1.4   0.0   |    2.6   1.0   0.9   1.4   0.0   0.1   1.6   0.3
 0.0   0.0   0.0   0.0   0.1   0.0   0.0   0.0   |    2.0   0.3   0.3   0.0   0.1   0.2   1.1   0.4
