# H006 reflectmap_iter1
Date: 30 September 2026, 22:09

Frame: render/frames/CeramicGreen_V6_frame_036.png

| measure | 01a | mine | ratio mine / 01a |
|---|---|---|---|
| GLINT frac | 0.0226 | 0.0447 | 1.98 |
| GLINT blobs | 3754.0000 | 19873.0000 | 5.29 |
| GLINT mean area | 7.0072 | 2.6245 | 0.37 |
| GLINT p90 area | 5.0000 | 5.0000 | 1.00 |
| GLINT p99 area | 54.2900 | 15.0000 | 0.28 |
| GLINT mean peak | 0.4956 | 0.6020 | 1.21 |
| GLINT whiteness | 0.8044 | 0.8899 | 1.11 |
| frac_lum>0.40 | 0.0979 | 0.0919 | 0.94 |
| frac_lum>0.50 | 0.0340 | 0.0426 | 1.25 |
| frac_lum>0.60 | 0.0122 | 0.0191 | 1.57 |
| frac_lum>0.75 | 0.0026 | 0.0065 | 2.45 |
| blobs | 5700.0000 | 19875.0000 | 3.49 |
| blob_mean_area | 6.9528 | 2.5003 | 0.36 |
| blob_area_p90 | 7.0000 | 5.0000 | 0.71 |
| whiteness_of_highlights | 0.7669 | 0.8788 | 1.15 |
| gx/gy_streakiness | 0.9544 | 1.0063 | 1.05 |
| mean_lum | 0.2306 | 0.2293 | 0.99 |
| p99 | 0.6196 | 0.6889 | 1.11 |
| p99.9 | 0.8850 | 1.0000 | 1.13 |

Glint density per 8 x 8 cell, 01a (left) and mine (right), percent of the cell:
 0.3   0.3   2.7   0.6   0.0   0.1   0.0   0.3   |    3.4   5.8   5.8   6.3   2.8   1.6   1.6   1.6
 0.5  18.6  10.2   5.1   1.2   0.3   0.1   0.0   |    6.3  17.8  13.3   5.9   1.3   2.9   1.8   1.4
 0.2  12.0   7.0  20.5  11.8   0.8   0.1   0.0   |    8.0  10.0  10.2  10.5   7.1   5.5   3.5   3.9
 1.2   0.7   5.0  11.3   1.5   4.2   0.1   0.1   |    5.1   7.3   6.7   9.3   9.1   5.3   3.5   3.9
 0.0   1.2   2.0   4.6   1.6   3.4   2.5   0.4   |    2.0   3.4   5.5   6.8   5.3   6.7   8.2   4.9
 0.4   0.1   2.1   0.4   0.6   2.2   1.2   0.7   |    0.7   1.9   2.9   2.6   3.8   6.0   4.4   2.8
 0.0   0.4   0.0   0.2   0.0   1.0   2.4   0.0   |    0.7   0.7   0.9   2.0   3.0   3.3   3.5   3.1
 0.0   0.0   0.0   0.0   0.2   0.0   0.0   0.0   |    0.7   0.4   0.8   1.3   2.2   2.6   2.6   2.1
