# H025 floor_zero_map
Date: 30 September 2026, 22:48

Frame: render/frames/CeramicGreen_V6_frame_053.png

| measure | 01a | mine | ratio mine / 01a |
|---|---|---|---|
| BRIGHT frac (>0.60) | 0.0027 | 0.0030 | 1.12 |
| BRIGHT blobs | 585.0000 | 384.0000 | 0.66 |
| BRIGHT mean area | 5.4051 | 9.2161 | 1.71 |
| BRIGHT p90 area | 6.0000 | 19.7000 | 3.28 |
| BRIGHT p99 area | 76.4400 | 133.5900 | 1.75 |
| BRIGHT frac>0.90 | 0.0007 | 0.0018 | 2.55 |
| GLINT frac | 0.0226 | 0.0071 | 0.31 |
| GLINT blobs | 3754.0000 | 1499.0000 | 0.40 |
| GLINT mean area | 7.0072 | 5.4970 | 0.78 |
| GLINT p90 area | 5.0000 | 8.0000 | 1.60 |
| GLINT p99 area | 54.2900 | 70.0000 | 1.29 |
| GLINT mean peak | 0.4956 | 0.5630 | 1.14 |
| GLINT whiteness | 0.8044 | 0.8150 | 1.01 |
| frac_lum>0.40 | 0.0979 | 0.0478 | 0.49 |
| frac_lum>0.50 | 0.0340 | 0.0130 | 0.38 |
| frac_lum>0.60 | 0.0122 | 0.0070 | 0.57 |
| frac_lum>0.75 | 0.0026 | 0.0043 | 1.65 |
| blobs | 5700.0000 | 2028.0000 | 0.36 |
| blob_mean_area | 6.9528 | 7.4571 | 1.07 |
| blob_area_p90 | 7.0000 | 11.0000 | 1.57 |
| whiteness_of_highlights | 0.7669 | 0.8277 | 1.08 |
| gx/gy_streakiness | 0.9544 | 1.0028 | 1.05 |
| mean_lum | 0.2306 | 0.2276 | 0.99 |
| p99 | 0.6196 | 0.5333 | 0.86 |
| p99.9 | 0.8850 | 1.0000 | 1.13 |

BRIGHT glint (>0.60) density per 8 x 8 cell, 01a (left) and mine (right), percent of the cell:
 0.1   0.0   0.0   0.3   0.0   0.0   0.0   0.3   |    0.1   0.0   0.1   0.1   0.1   0.0   0.0   0.0
 0.0   2.3   1.8   0.0   0.1   0.0   0.1   0.0   |    0.0   1.0   0.0   0.1   0.4   0.0   0.0   0.5
 0.0   1.3   2.8   2.3   0.0   0.1   0.0   0.0   |    0.5   0.1   2.3   0.0   0.0   0.0   0.1   0.0
 0.2   0.0   0.4   0.6   0.0   0.0   0.0   0.0   |    0.1   1.0   0.1   0.0   0.9   0.1   0.0   0.0
 0.0   0.1   0.0   0.3   0.1   0.1   0.0   0.1   |    0.2   0.2   0.0   0.0   0.3   0.0   0.0   0.0
 0.0   0.0   0.1   0.0   0.0   0.9   0.8   0.0   |    0.0   1.4   0.3   0.6   0.1   3.0   0.0   0.2
 0.0   0.0   0.0   0.0   0.0   0.6   1.4   0.0   |    1.5   0.4   0.0   0.9   0.1   0.0   0.6   0.0
 0.0   0.0   0.0   0.0   0.1   0.0   0.0   0.0   |    1.3   0.1   0.0   0.0   0.0   0.1   0.3   0.0
