# H054 cal2tint44
Date: 30 September 2026, 23:36

Frame: render/frames/CeramicGreen_V6_frame_082.png

| measure | 01a | mine | ratio mine / 01a |
|---|---|---|---|
| BRIGHT frac (>0.60) | 0.0027 | 0.0083 | 3.07 |
| BRIGHT blobs | 585.0000 | 412.0000 | 0.70 |
| BRIGHT mean area | 5.4051 | 23.5388 | 4.35 |
| BRIGHT p90 area | 6.0000 | 44.0000 | 7.33 |
| BRIGHT p99 area | 76.4400 | 373.4400 | 4.89 |
| BRIGHT frac>0.90 | 0.0007 | 0.0033 | 4.65 |
| GLINT frac | 0.0226 | 0.0147 | 0.65 |
| GLINT blobs | 3754.0000 | 1517.0000 | 0.40 |
| GLINT mean area | 7.0072 | 11.2808 | 1.61 |
| GLINT p90 area | 5.0000 | 16.0000 | 3.20 |
| GLINT p99 area | 54.2900 | 170.8800 | 3.15 |
| GLINT mean peak | 0.4956 | 0.5560 | 1.12 |
| GLINT whiteness | 0.8044 | 0.8350 | 1.04 |
| frac_lum>0.40 | 0.0979 | 0.0611 | 0.62 |
| frac_lum>0.50 | 0.0340 | 0.0167 | 0.49 |
| frac_lum>0.60 | 0.0122 | 0.0102 | 0.84 |
| frac_lum>0.75 | 0.0026 | 0.0071 | 2.69 |
| blobs | 5700.0000 | 2165.0000 | 0.38 |
| blob_mean_area | 6.9528 | 9.0106 | 1.30 |
| blob_area_p90 | 7.0000 | 15.0000 | 2.14 |
| whiteness_of_highlights | 0.7669 | 0.8420 | 1.10 |
| gx/gy_streakiness | 0.9544 | 1.0071 | 1.06 |
| mean_lum | 0.2306 | 0.2275 | 0.99 |
| p99 | 0.6196 | 0.6078 | 0.98 |
| p99.9 | 0.8850 | 0.9386 | 1.06 |

BRIGHT glint (>0.60) density per 8 x 8 cell, 01a (left) and mine (right), percent of the cell:
 0.1   0.0   0.0   0.3   0.0   0.0   0.0   0.3   |    0.4   0.0   0.1   0.2   0.1   0.1   0.4   0.0
 0.0   2.3   1.8   0.0   0.1   0.0   0.1   0.0   |    0.3   0.6   4.3   0.0   0.1   0.7   0.0   0.7
 0.0   1.3   2.8   2.3   0.0   0.1   0.0   0.0   |    0.3   1.1   0.8   0.8   1.8   2.1   0.5   0.0
 0.2   0.0   0.4   0.6   0.0   0.0   0.0   0.0   |    1.4   0.3   0.3   0.0   2.0   0.9   0.1   0.0
 0.0   0.1   0.0   0.3   0.1   0.1   0.0   0.1   |    0.2   0.1   1.4   4.4   1.5   0.0   1.0   0.3
 0.0   0.0   0.1   0.0   0.0   0.9   0.8   0.0   |    1.9   5.8   4.5   0.8   0.0   0.6   0.2   0.9
 0.0   0.0   0.0   0.0   0.0   0.6   1.4   0.0   |    1.8   0.7   0.7   1.2   0.0   0.1   1.1   0.3
 0.0   0.0   0.0   0.0   0.1   0.0   0.0   0.0   |    1.4   0.2   0.2   0.0   0.1   0.1   0.8   0.2
