# H015 gain05_speck115
Date: 30 September 2026, 22:30

Frame: render/frames/CeramicGreen_V6_frame_044.png

| measure | 01a | mine | ratio mine / 01a |
|---|---|---|---|
| BRIGHT frac (>0.60) | 0.0027 | 0.0052 | 1.93 |
| BRIGHT blobs | 585.0000 | 757.0000 | 1.29 |
| BRIGHT mean area | 5.4051 | 8.0436 | 1.49 |
| BRIGHT p90 area | 6.0000 | 16.0000 | 2.67 |
| BRIGHT p99 area | 76.4400 | 83.4400 | 1.09 |
| BRIGHT frac>0.90 | 0.0007 | 0.0025 | 3.59 |
| GLINT frac | 0.0226 | 0.0108 | 0.48 |
| GLINT blobs | 3754.0000 | 1995.0000 | 0.53 |
| GLINT mean area | 7.0072 | 6.3048 | 0.90 |
| GLINT p90 area | 5.0000 | 10.0000 | 2.00 |
| GLINT p99 area | 54.2900 | 82.1200 | 1.51 |
| GLINT mean peak | 0.4956 | 0.5955 | 1.20 |
| GLINT whiteness | 0.8044 | 0.8343 | 1.04 |
| frac_lum>0.40 | 0.0979 | 0.0410 | 0.42 |
| frac_lum>0.50 | 0.0340 | 0.0115 | 0.34 |
| frac_lum>0.60 | 0.0122 | 0.0066 | 0.55 |
| frac_lum>0.75 | 0.0026 | 0.0041 | 1.55 |
| blobs | 5700.0000 | 2418.0000 | 0.42 |
| blob_mean_area | 6.9528 | 5.5356 | 0.80 |
| blob_area_p90 | 7.0000 | 10.0000 | 1.43 |
| whiteness_of_highlights | 0.7669 | 0.8354 | 1.09 |
| gx/gy_streakiness | 0.9544 | 1.0007 | 1.05 |
| mean_lum | 0.2306 | 0.2152 | 0.93 |
| p99 | 0.6196 | 0.5176 | 0.84 |
| p99.9 | 0.8850 | 1.0000 | 1.13 |

BRIGHT glint (>0.60) density per 8 x 8 cell, 01a (left) and mine (right), percent of the cell:
 0.1   0.0   0.0   0.3   0.0   0.0   0.0   0.3   |    0.2   0.0   0.1   0.5   0.0   0.2   0.4   0.0
 0.0   2.3   1.8   0.0   0.1   0.0   0.1   0.0   |    0.1   0.1   3.1   0.2   0.2   0.8   0.0   0.1
 0.0   1.3   2.8   2.3   0.0   0.1   0.0   0.0   |    0.2   2.3   1.2   1.0   0.8   1.4   0.1   0.0
 0.2   0.0   0.4   0.6   0.0   0.0   0.0   0.0   |    0.5   0.9   0.4   0.4   2.0   0.0   0.0   0.1
 0.0   0.1   0.0   0.3   0.1   0.1   0.0   0.1   |    0.1   0.1   1.1   3.4   0.6   0.0   0.2   0.2
 0.0   0.0   0.1   0.0   0.0   0.9   0.8   0.0   |    0.7   2.2   1.9   0.1   0.2   0.2   0.1   0.1
 0.0   0.0   0.0   0.0   0.0   0.6   1.4   0.0   |    0.9   0.9   0.1   0.5   0.2   0.0   0.3   0.4
 0.0   0.0   0.0   0.0   0.1   0.0   0.0   0.0   |    0.7   0.1   0.1   0.1   0.0   0.1   0.3   0.1
