# H067 cut_v12_cap72
Date: 1 October 2026, 00:00

Frame: render/frames/CeramicGreen_V6_frame_100_full1920.png

| measure | 01a | mine | ratio mine / 01a |
|---|---|---|---|
| BRIGHT frac (>0.60) | 0.0027 | 0.0048 | 1.77 |
| BRIGHT blobs | 585.0000 | 394.0000 | 0.67 |
| BRIGHT mean area | 5.4051 | 14.1954 | 2.63 |
| BRIGHT p90 area | 6.0000 | 28.7000 | 4.78 |
| BRIGHT p99 area | 76.4400 | 240.2100 | 3.14 |
| BRIGHT frac>0.90 | 0.0007 | 0.0000 | 0.06 |
| GLINT frac | 0.0226 | 0.0157 | 0.69 |
| GLINT blobs | 3754.0000 | 3972.0000 | 1.06 |
| GLINT mean area | 7.0072 | 4.5994 | 0.66 |
| GLINT p90 area | 5.0000 | 4.0000 | 0.80 |
| GLINT p99 area | 54.2900 | 47.2900 | 0.87 |
| GLINT mean peak | 0.4956 | 0.4969 | 1.00 |
| GLINT whiteness | 0.8044 | 0.7346 | 0.91 |
| frac_lum>0.40 | 0.0979 | 0.0848 | 0.87 |
| frac_lum>0.50 | 0.0340 | 0.0207 | 0.61 |
| frac_lum>0.60 | 0.0122 | 0.0054 | 0.44 |
| frac_lum>0.75 | 0.0026 | 0.0038 | 1.44 |
| blobs | 5700.0000 | 1945.0000 | 0.34 |
| blob_mean_area | 6.9528 | 12.4396 | 1.79 |
| blob_area_p90 | 7.0000 | 14.0000 | 2.00 |
| whiteness_of_highlights | 0.7669 | 0.7524 | 0.98 |
| gx/gy_streakiness | 0.9544 | 0.9911 | 1.04 |
| mean_lum | 0.2306 | 0.2384 | 1.03 |
| p99 | 0.6196 | 0.5425 | 0.88 |
| p99.9 | 0.8850 | 0.8209 | 0.93 |

BRIGHT glint (>0.60) density per 8 x 8 cell, 01a (left) and mine (right), percent of the cell:
 0.1   0.0   0.0   0.3   0.0   0.0   0.0   0.3   |    0.0   0.0   0.0   0.7   0.1   0.0   0.1   0.0
 0.0   2.3   1.8   0.0   0.1   0.0   0.1   0.0   |    0.0   1.0   0.0   0.0   0.0   0.2   0.3   0.0
 0.0   1.3   2.8   2.3   0.0   0.1   0.0   0.0   |    0.2   1.6   0.3   0.1   0.0   0.0   0.4   0.9
 0.2   0.0   0.4   0.6   0.0   0.0   0.0   0.0   |    0.9   0.3   0.1   0.3   0.7   0.3   0.0   0.0
 0.0   0.1   0.0   0.3   0.1   0.1   0.0   0.1   |    0.1   4.6   1.1   0.2   0.7   0.2   1.2   0.1
 0.0   0.0   0.1   0.0   0.0   0.9   0.8   0.0   |    0.0   0.6   3.0   0.7   0.3   1.6   0.4   0.4
 0.0   0.0   0.0   0.0   0.0   0.6   1.4   0.0   |    0.0   4.3   0.3   0.2   0.0   0.0   0.7   0.1
 0.0   0.0   0.0   0.0   0.1   0.0   0.0   0.0   |    0.0   0.1   0.0   0.0   0.0   0.4   0.2   0.0
